object={
	name="cypress_mediterranean_sparse_generator_1_0"
	clamp_to_water_level=no
	render_under_water=no
	generated_content=yes
	layer="semidynamic"
	pdxmesh="tree_cypress_mediterranean_02_mesh"
	count=514
	transform="4009.563477 0.000000 2398.834717 0.000000 0.333322 0.000000 0.942813 0.192010 0.192010 0.192010
3999.758545 0.000000 2402.503418 0.000000 0.010464 0.000000 0.999945 0.189599 0.189599 0.189599
3985.256836 0.000000 2407.058594 0.000000 0.677233 0.000000 0.735768 0.210119 0.210119 0.210119
3994.709961 0.000000 2409.383789 0.000000 0.896712 0.000000 -0.442614 0.203182 0.203182 0.203182
3981.507080 0.000000 2408.158203 0.000000 0.999994 0.000000 -0.003597 0.214315 0.214315 0.214315
3979.406250 0.000000 2405.414551 0.000000 0.128081 0.000000 0.991764 0.200023 0.200023 0.200023
4019.759033 0.000000 2403.708496 0.000000 0.999626 0.000000 -0.027345 0.219002 0.219002 0.219002
4003.666992 0.000000 2408.830078 0.000000 0.637213 0.000000 0.770688 0.222564 0.222564 0.222564
4021.519043 0.000000 2398.969238 0.000000 0.851447 0.000000 0.524441 0.225742 0.225742 0.225742
4002.111328 0.000000 2403.958984 0.000000 0.783019 0.000000 0.621997 0.288210 0.288210 0.288210
3991.340088 0.000000 2404.751221 0.000000 0.860942 0.000000 -0.508702 0.271096 0.271096 0.271096
4004.550293 0.000000 2403.137695 0.000000 0.320850 0.000000 0.947130 0.270060 0.270060 0.270060
4031.163330 0.000000 2405.018311 0.000000 0.649274 0.000000 0.760554 0.241178 0.241178 0.241178
4021.789307 0.000000 2415.787598 0.000000 0.941163 0.000000 -0.337952 0.241955 0.241955 0.241955
3992.332764 0.000000 2407.548096 0.000000 0.998104 0.000000 0.061550 0.276141 0.276141 0.276141
3994.057129 0.000000 2407.806885 0.000000 0.366409 0.000000 0.930454 0.252956 0.252956 0.252956
4021.385498 0.000000 2402.950928 0.000000 0.420742 0.000000 0.907180 0.262552 0.262552 0.262552
4036.763672 0.000000 2408.535889 0.000000 0.840972 0.000000 0.541078 0.251966 0.251966 0.251966
4071.591309 0.000000 2414.179688 0.000000 0.668363 0.000000 0.743835 0.285582 0.285582 0.285582
4047.974609 0.000000 2405.903564 0.000000 0.360061 0.000000 0.932929 0.275513 0.275513 0.275513
4072.727783 0.000000 2415.157471 0.000000 0.022037 0.000000 0.999757 0.271755 0.271755 0.271755
4078.236572 0.000000 2428.200195 0.000000 0.001525 0.000000 0.999999 0.270441 0.270441 0.270441
3971.505127 0.000000 2472.254395 0.000000 0.875901 0.000000 -0.482492 0.205566 0.205566 0.205566
4001.947754 0.000000 2478.301758 0.000000 0.816658 0.000000 -0.577122 0.216373 0.216373 0.216373
3968.156738 0.000000 2483.728271 0.000000 0.905381 0.000000 -0.424601 0.226020 0.226020 0.226020
3989.503174 0.000000 2477.147217 0.000000 0.927313 0.000000 -0.374287 0.261562 0.261562 0.261562
3987.443848 0.000000 2478.747803 0.000000 0.736242 0.000000 0.676719 0.247759 0.247759 0.247759
3973.572266 0.000000 2475.759033 0.000000 0.357073 0.000000 0.934076 0.252821 0.252821 0.252821
3989.101562 0.000000 2475.279053 0.000000 0.830147 0.000000 -0.557544 0.264702 0.264702 0.264702
3997.418457 0.000000 2478.825684 0.000000 0.629585 0.000000 0.776932 0.246472 0.246472 0.246472
3972.189941 0.000000 2473.991455 0.000000 0.895599 0.000000 0.444861 0.251749 0.251749 0.251749
3975.260498 0.000000 2475.432617 0.000000 0.585003 0.000000 0.811031 0.254339 0.254339 0.254339
4024.427979 0.000000 2480.699219 0.000000 0.346916 0.000000 0.937896 0.278138 0.278138 0.278138
3995.159668 0.000000 2482.956543 0.000000 0.991657 0.000000 -0.128907 0.302469 0.302469 0.302469
4062.060547 0.000000 2476.982910 0.000000 0.966604 0.000000 -0.256273 0.209537 0.209537 0.209537
4065.947754 0.000000 2478.301758 0.000000 0.600660 0.000000 0.799504 0.246021 0.246021 0.246021
4059.595215 0.000000 2479.351807 0.000000 0.694018 0.000000 0.719958 0.241369 0.241369 0.241369
4065.062500 0.000000 2480.902100 0.000000 0.991658 0.000000 0.128899 0.228179 0.228179 0.228179
4063.328613 0.000000 2479.149902 0.000000 0.988858 0.000000 0.148864 0.244000 0.244000 0.244000
4084.706299 0.000000 2485.143555 0.000000 0.232603 0.000000 0.972572 0.232768 0.232768 0.232768
4068.144287 0.000000 2477.789551 0.000000 0.772051 0.000000 0.635560 0.228607 0.228607 0.228607
4077.143311 0.000000 2429.130371 0.000000 0.969770 0.000000 -0.244022 0.304366 0.304366 0.304366
4076.016846 0.000000 2430.576660 0.000000 0.859165 0.000000 0.511698 0.290445 0.290445 0.290445
4060.899902 0.000000 2480.376709 0.000000 0.468898 0.000000 0.883252 0.281348 0.281348 0.281348
4061.034424 0.000000 2482.312012 0.000000 0.968199 0.000000 0.250181 0.295483 0.295483 0.295483
4059.159668 0.000000 2482.956543 0.000000 0.709815 0.000000 0.704388 0.285073 0.285073 0.285073
3954.789307 0.000000 2497.399902 0.000000 0.860264 0.000000 -0.509848 0.217493 0.217493 0.217493
3925.668701 0.000000 2495.101318 0.000000 0.863226 0.000000 -0.504817 0.213934 0.213934 0.213934
3965.524170 0.000000 2502.382324 0.000000 0.993917 0.000000 -0.110129 0.210665 0.210665 0.210665
3960.315674 0.000000 2522.321533 0.000000 0.269279 0.000000 0.963062 0.235142 0.235142 0.235142
3966.624512 0.000000 2494.132568 0.000000 0.599200 0.000000 0.800600 0.214406 0.214406 0.214406
3955.214111 0.000000 2531.569824 0.000000 0.303716 0.000000 0.952762 0.203455 0.203455 0.203455
3952.647949 0.000000 2525.788330 0.000000 0.995103 0.000000 0.098848 0.212364 0.212364 0.212364
3922.190674 0.000000 2494.834717 0.000000 0.832590 0.000000 0.553889 0.206820 0.206820 0.206820
3962.631836 0.000000 2520.448975 0.000000 0.165529 0.000000 0.986205 0.234874 0.234874 0.234874
3960.639160 0.000000 2490.284912 0.000000 0.984483 0.000000 0.175482 0.229383 0.229383 0.229383
3964.013184 0.000000 2500.177246 0.000000 0.094760 0.000000 0.995500 0.230707 0.230707 0.230707
3966.948242 0.000000 2487.466553 0.000000 0.484920 0.000000 0.874558 0.219765 0.219765 0.219765
3967.273682 0.000000 2496.703613 0.000000 0.970022 0.000000 -0.243018 0.304670 0.304670 0.304670
3953.031494 0.000000 2531.651123 0.000000 0.175009 0.000000 0.984567 0.234505 0.234505 0.234505
3961.001709 0.000000 2520.744629 0.000000 0.981244 0.000000 -0.192770 0.303654 0.303654 0.303654
3961.993408 0.000000 2521.908447 0.000000 0.274852 0.000000 0.961487 0.275657 0.275657 0.275657
3958.904297 0.000000 2521.620850 0.000000 0.856177 0.000000 -0.516683 0.309394 0.309394 0.309394
3953.824707 0.000000 2495.797852 0.000000 0.514804 0.000000 0.857308 0.281138 0.281138 0.281138
4026.544434 0.000000 2525.735596 0.000000 0.886625 0.000000 -0.462489 0.203193 0.203193 0.203193
3982.953369 0.000000 2539.284180 0.000000 0.846329 0.000000 -0.532660 0.217709 0.217709 0.217709
3995.131592 0.000000 2501.433594 0.000000 0.753578 0.000000 0.657358 0.224140 0.224140 0.224140
4023.060791 0.000000 2526.912109 0.000000 0.523862 0.000000 0.851803 0.198772 0.198772 0.198772
4019.759033 0.000000 2516.677246 0.000000 0.994538 0.000000 -0.104375 0.254746 0.254746 0.254746
4016.580566 0.000000 2515.753174 0.000000 0.999465 0.000000 -0.032720 0.253329 0.253329 0.253329
3980.083740 0.000000 2530.826416 0.000000 0.954235 0.000000 0.299057 0.216163 0.216163 0.216163
3982.604980 0.000000 2532.889404 0.000000 0.987399 0.000000 0.158249 0.238931 0.238931 0.238931
3993.706787 0.000000 2498.951904 0.000000 0.869179 0.000000 -0.494497 0.254937 0.254937 0.254937
3969.451416 0.000000 2494.704834 0.000000 0.983241 0.000000 0.182308 0.227664 0.227664 0.227664
4026.637451 0.000000 2512.246094 0.000000 0.171105 0.000000 0.985253 0.237337 0.237337 0.237337
3980.375244 0.000000 2539.980225 0.000000 0.958300 0.000000 0.285763 0.253856 0.253856 0.253856
4021.633789 0.000000 2522.369629 0.000000 0.898357 0.000000 0.439267 0.225075 0.225075 0.225075
4018.395020 0.000000 2515.329102 0.000000 0.994154 0.000000 -0.107969 0.258754 0.258754 0.258754
3995.504150 0.000000 2499.290771 0.000000 0.197369 0.000000 0.980329 0.251036 0.251036 0.251036
3968.369629 0.000000 2496.214355 0.000000 0.483349 0.000000 0.875428 0.280753 0.280753 0.280753
3989.229004 0.000000 2499.404785 0.000000 0.946825 0.000000 -0.321749 0.289906 0.289906 0.289906
4031.025635 0.000000 2534.677734 0.000000 0.528544 0.000000 0.848906 0.272750 0.272750 0.272750
3989.918945 0.000000 2496.819824 0.000000 0.111840 0.000000 0.993726 0.274653 0.274653 0.274653
4022.203613 0.000000 2525.643066 0.000000 0.826117 0.000000 -0.563499 0.310402 0.310402 0.310402
4052.089355 0.000000 2530.129395 0.000000 0.354997 0.000000 0.934867 0.193818 0.193818 0.193818
4038.215332 0.000000 2534.250244 0.000000 0.177235 0.000000 0.984168 0.203873 0.203873 0.203873
4055.491943 0.000000 2485.944092 0.000000 0.995395 0.000000 0.095858 0.204053 0.204053 0.204053
4068.276123 0.000000 2518.559326 0.000000 0.414292 0.000000 0.910144 0.196314 0.196314 0.196314
4053.208252 0.000000 2525.191650 0.000000 0.896524 0.000000 -0.442994 0.225618 0.225618 0.225618
4058.709961 0.000000 2522.352539 0.000000 0.999955 0.000000 -0.009537 0.200908 0.200908 0.200908
4058.364746 0.000000 2510.873779 0.000000 0.915741 0.000000 -0.401770 0.221732 0.221732 0.221732
4066.015137 0.000000 2505.808105 0.000000 0.478357 0.000000 0.878165 0.200418 0.200418 0.200418
4082.318359 0.000000 2485.518311 0.000000 0.712674 0.000000 0.701495 0.241158 0.241158 0.241158
4032.163086 0.000000 2520.059082 0.000000 0.942924 0.000000 0.333008 0.212051 0.212051 0.212051
4064.617920 0.000000 2488.678223 0.000000 0.988249 0.000000 -0.152851 0.241106 0.241106 0.241106
4032.009766 0.000000 2527.505127 0.000000 0.766038 0.000000 0.642795 0.246754 0.246754 0.246754
4061.020508 0.000000 2498.142822 0.000000 0.760816 0.000000 0.648967 0.236777 0.236777 0.236777
4058.987305 0.000000 2485.401367 0.000000 0.937598 0.000000 -0.347720 0.261794 0.261794 0.261794
4054.628418 0.000000 2515.339600 0.000000 0.516061 0.000000 0.856552 0.229207 0.229207 0.229207
4038.056885 0.000000 2530.250244 0.000000 0.675164 0.000000 0.737668 0.214768 0.214768 0.214768
4080.746582 0.000000 2488.550049 0.000000 0.999073 0.000000 0.043053 0.236812 0.236812 0.236812
4065.448975 0.000000 2508.609375 0.000000 0.576369 0.000000 0.817190 0.258206 0.258206 0.258206
4056.795410 0.000000 2513.224609 0.000000 0.999199 0.000000 0.040013 0.263067 0.263067 0.263067
4076.352051 0.000000 2502.573486 0.000000 0.993334 0.000000 -0.115270 0.246941 0.246941 0.246941
4079.447998 0.000000 2497.998291 0.000000 0.822295 0.000000 -0.569061 0.264873 0.264873 0.264873
4075.690186 0.000000 2488.876465 0.000000 0.879171 0.000000 -0.476507 0.263536 0.263536 0.263536
4036.384766 0.000000 2536.085205 0.000000 0.222481 0.000000 0.974937 0.234585 0.234585 0.234585
4033.118652 0.000000 2530.042725 0.000000 0.987668 0.000000 -0.156565 0.235459 0.235459 0.235459
4068.550293 0.000000 2516.106445 0.000000 0.953888 0.000000 -0.300163 0.261175 0.261175 0.261175
4062.816895 0.000000 2499.750244 0.000000 0.911092 0.000000 -0.412203 0.241621 0.241621 0.241621
4055.885254 0.000000 2511.092529 0.000000 0.844423 0.000000 -0.535677 0.254302 0.254302 0.254302
4072.647949 0.000000 2486.639160 0.000000 0.764984 0.000000 0.644050 0.248811 0.248811 0.248811
4072.179932 0.000000 2513.497070 0.000000 0.635879 0.000000 0.771789 0.232804 0.232804 0.232804
4057.598145 0.000000 2508.944092 0.000000 0.833504 0.000000 -0.552514 0.259278 0.259278 0.259278
4074.440430 0.000000 2501.521484 0.000000 0.130803 0.000000 0.991408 0.239705 0.239705 0.239705
4075.960938 0.000000 2507.414795 0.000000 0.968304 0.000000 -0.249773 0.260530 0.260530 0.260530
4067.093018 0.000000 2507.688721 0.000000 0.998647 0.000000 -0.052004 0.258063 0.258063 0.258063
4071.260986 0.000000 2506.916504 0.000000 0.362050 0.000000 0.932159 0.242161 0.242161 0.242161
4074.257812 0.000000 2487.574951 0.000000 0.143869 0.000000 0.989597 0.239868 0.239868 0.239868
4080.943604 0.000000 2496.900879 0.000000 0.587821 0.000000 0.808991 0.245824 0.245824 0.245824
4076.016846 0.000000 2487.061035 0.000000 0.621632 0.000000 0.783309 0.284531 0.284531 0.284531
4032.588623 0.000000 2537.614990 0.000000 0.618678 0.000000 0.785645 0.284229 0.284229 0.284229
4072.256592 0.000000 2502.160156 0.000000 0.355602 0.000000 0.934638 0.262476 0.262476 0.262476
4074.414795 0.000000 2504.930664 0.000000 0.156111 0.000000 0.987739 0.273576 0.273576 0.273576
4047.736084 0.000000 2516.073730 0.000000 0.833456 0.000000 0.552586 0.289674 0.289674 0.289674
4049.288086 0.000000 2490.393799 0.000000 0.768588 0.000000 0.639744 0.286742 0.286742 0.286742
4065.478516 0.000000 2515.333984 0.000000 0.638598 0.000000 0.769540 0.284643 0.284643 0.284643
4050.727783 0.000000 2519.470459 0.000000 0.941850 0.000000 0.336032 0.291963 0.291963 0.291963
4047.217529 0.000000 2517.460938 0.000000 0.951514 0.000000 0.307606 0.294485 0.294485 0.294485
4057.742432 0.000000 2514.363770 0.000000 0.607289 0.000000 0.794481 0.282912 0.282912 0.282912
4035.621094 0.000000 2522.400391 0.000000 0.976343 0.000000 0.216226 0.295903 0.295903 0.295903
7159.060547 0.000000 888.865356 0.000000 0.924152 0.000000 0.382025 0.236460 0.236460 0.236460
7161.190430 0.000000 889.372437 0.000000 0.238250 0.000000 0.971204 0.230406 0.230406 0.230406
7149.814941 0.000000 883.811707 0.000000 0.961918 0.000000 0.273339 0.294712 0.294712 0.294712
7158.203613 0.000000 887.596069 0.000000 0.735127 0.000000 0.677929 0.286637 0.286637 0.286637
7227.000977 0.000000 659.129211 0.000000 0.942930 0.000000 0.332991 0.293517 0.293517 0.293517
7246.953125 0.000000 731.784180 0.000000 0.531041 0.000000 0.847346 0.208567 0.208567 0.208567
7246.650879 0.000000 728.153320 0.000000 0.864038 0.000000 -0.503426 0.276942 0.276942 0.276942
7247.590332 0.000000 729.908997 0.000000 0.529702 0.000000 0.848184 0.255940 0.255940 0.255940
7244.919922 0.000000 727.848206 0.000000 0.996793 0.000000 0.080019 0.291412 0.291412 0.291412
7242.072266 0.000000 790.468872 0.000000 0.954304 0.000000 -0.298836 0.219644 0.219644 0.219644
7254.733398 0.000000 743.067993 0.000000 0.922315 0.000000 -0.386440 0.307578 0.307578 0.307578
7257.534668 0.000000 743.858887 0.000000 0.695323 0.000000 0.718698 0.284684 0.284684 0.284684
7332.342285 0.000000 789.965515 0.000000 0.653130 0.000000 0.757246 0.231508 0.231508 0.231508
7336.388184 0.000000 784.298523 0.000000 0.272000 0.000000 0.962297 0.248238 0.248238 0.248238
7244.978516 0.000000 791.517212 0.000000 0.776052 0.000000 0.630669 0.196545 0.196545 0.196545
7258.074219 0.000000 821.297668 0.000000 0.999982 0.000000 -0.005977 0.200041 0.200041 0.200041
7243.929688 0.000000 802.787109 0.000000 0.402535 0.000000 0.915405 0.197233 0.197233 0.197233
7251.771973 0.000000 813.406677 0.000000 0.005079 0.000000 0.999987 0.198557 0.198557 0.198557
7255.293457 0.000000 814.346008 0.000000 0.378780 0.000000 0.925487 0.197040 0.197040 0.197040
7261.530273 0.000000 818.073608 0.000000 0.993163 0.000000 -0.116732 0.207323 0.207323 0.207323
7242.329590 0.000000 815.485840 0.000000 0.353397 0.000000 0.935473 0.243025 0.243025 0.243025
7274.678223 0.000000 828.956299 0.000000 0.085276 0.000000 0.996357 0.236776 0.236776 0.236776
7242.256348 0.000000 795.011963 0.000000 0.813536 0.000000 0.581515 0.288148 0.288148 0.288148
7243.039062 0.000000 807.037659 0.000000 0.753785 0.000000 0.657121 0.286306 0.286306 0.286306
7242.583984 0.000000 817.005249 0.000000 0.049397 0.000000 0.998779 0.271172 0.271172 0.271172
7236.846680 0.000000 805.688538 0.000000 0.947924 0.000000 -0.318498 0.306191 0.306191 0.306191
7250.930176 0.000000 814.643921 0.000000 0.998352 0.000000 0.057384 0.298961 0.298961 0.298961
7250.172363 0.000000 815.928589 0.000000 0.842910 0.000000 0.538055 0.289724 0.289724 0.289724
7243.583984 0.000000 794.338928 0.000000 0.778207 0.000000 0.628008 0.287032 0.287032 0.287032
7237.597656 0.000000 804.248840 0.000000 0.968415 0.000000 0.249346 0.295187 0.295187 0.295187
7272.459473 0.000000 820.300781 0.000000 0.851536 0.000000 -0.524296 0.310540 0.310540 0.310540
7277.431152 0.000000 851.317322 0.000000 0.947996 0.000000 0.318281 0.293814 0.293814 0.293814
7330.900879 0.000000 790.845947 0.000000 0.716661 0.000000 0.697422 0.194855 0.194855 0.194855
7342.042969 0.000000 796.635925 0.000000 0.846580 0.000000 0.532261 0.239428 0.239428 0.239428
7344.746582 0.000000 794.018921 0.000000 0.439070 0.000000 0.898453 0.227283 0.227283 0.227283
7312.244141 0.000000 819.979065 0.000000 0.857435 0.000000 -0.514592 0.261708 0.261708 0.261708
7315.640625 0.000000 816.093018 0.000000 0.833203 0.000000 -0.552968 0.255129 0.255129 0.255129
7313.267090 0.000000 821.415039 0.000000 0.386234 0.000000 0.922401 0.279728 0.279728 0.279728
7320.512695 0.000000 854.998535 0.000000 0.995580 0.000000 -0.093916 0.273861 0.273861 0.273861
7322.692383 0.000000 859.716553 0.000000 0.925472 0.000000 -0.378817 0.307420 0.307420 0.307420
7321.045410 0.000000 859.157471 0.000000 0.710696 0.000000 0.703500 0.285097 0.285097 0.285097
7321.534668 0.000000 856.827637 0.000000 0.994292 0.000000 0.106689 0.297959 0.297959 0.297959
7320.631836 0.000000 857.878479 0.000000 0.561744 0.000000 0.827311 0.281392 0.281392 0.281392
7163.529785 0.000000 904.396973 0.000000 0.795600 0.000000 0.605822 0.250457 0.250457 0.250457
7167.462891 0.000000 904.099976 0.000000 0.977913 0.000000 0.209012 0.296373 0.296373 0.296373
7155.663574 0.000000 904.918396 0.000000 0.999859 0.000000 -0.016765 0.296920 0.296920 0.296920
6753.947754 0.000000 1518.067261 0.000000 0.999911 0.000000 -0.013320 0.207665 0.207665 0.207665
6743.371094 0.000000 1511.607666 0.000000 0.095850 0.000000 0.995396 0.242109 0.242109 0.242109
6741.502930 0.000000 1516.912964 0.000000 0.998649 0.000000 0.051966 0.247310 0.247310 0.247310
6739.443848 0.000000 1518.513550 0.000000 0.362543 0.000000 0.931967 0.260655 0.260655 0.260655
6734.401855 0.000000 1510.289551 0.000000 0.865884 0.000000 -0.500245 0.234408 0.234408 0.234408
6743.348633 0.000000 1521.592163 0.000000 0.990493 0.000000 0.137564 0.238048 0.238048 0.238048
6728.076660 0.000000 1512.647095 0.000000 0.840154 0.000000 0.542349 0.252473 0.252473 0.252473
7185.260254 0.000000 930.207153 0.000000 0.753930 0.000000 0.656955 0.229367 0.229367 0.229367
7193.283691 0.000000 925.367737 0.000000 0.938662 0.000000 0.344838 0.215749 0.215749 0.215749
7187.362793 0.000000 931.737854 0.000000 0.003425 0.000000 0.999994 0.270065 0.270065 0.270065
7189.422363 0.000000 928.104858 0.000000 0.403951 0.000000 0.914781 0.277942 0.277942 0.277942
7193.598145 0.000000 927.381592 0.000000 0.498996 0.000000 0.866604 0.244022 0.244022 0.244022
7180.080078 0.000000 935.038818 0.000000 0.921658 0.000000 -0.388004 0.278107 0.278107 0.278107
7183.736328 0.000000 934.511230 0.000000 0.975358 0.000000 0.220628 0.295751 0.295751 0.295751
7186.834473 0.000000 930.339478 0.000000 0.958860 0.000000 0.283879 0.294503 0.294503 0.294503
7183.217285 0.000000 935.898499 0.000000 0.331168 0.000000 0.943572 0.276447 0.276447 0.276447
7191.838867 0.000000 934.773682 0.000000 0.969263 0.000000 -0.246025 0.304747 0.304747 0.304747
7190.292480 0.000000 935.170593 0.000000 0.166856 0.000000 0.985981 0.273202 0.273202 0.273202
7449.661133 0.000000 906.816223 0.000000 0.999321 0.000000 -0.036844 0.217397 0.217397 0.217397
7453.422852 0.000000 942.301819 0.000000 0.856776 0.000000 -0.515689 0.222240 0.222240 0.222240
7446.782715 0.000000 911.053345 0.000000 0.949313 0.000000 -0.314332 0.224966 0.224966 0.224966
7447.935547 0.000000 940.805115 0.000000 0.999065 0.000000 -0.043239 0.245013 0.245013 0.245013
7443.576660 0.000000 939.201599 0.000000 0.915739 0.000000 0.401774 0.248046 0.248046 0.248046
7448.779785 0.000000 908.286560 0.000000 0.996624 0.000000 0.082107 0.286940 0.286940 0.286940
7442.929199 0.000000 909.224243 0.000000 0.440108 0.000000 0.897945 0.263844 0.263844 0.263844
7452.266602 0.000000 941.117188 0.000000 0.973264 0.000000 -0.229688 0.304426 0.304426 0.304426
7444.841797 0.000000 938.316101 0.000000 0.984704 0.000000 -0.174233 0.303141 0.303141 0.303141
7447.955566 0.000000 937.540588 0.000000 0.800787 0.000000 0.598949 0.288288 0.288288 0.288288
7449.172852 0.000000 940.264771 0.000000 0.955800 0.000000 -0.294017 0.305700 0.305700 0.305700
7471.145508 0.000000 978.382202 0.000000 0.986913 0.000000 0.161255 0.238899 0.238899 0.238899
7479.353516 0.000000 967.378174 0.000000 0.976964 0.000000 -0.213406 0.304107 0.304107 0.304107
7472.663086 0.000000 978.890320 0.000000 0.971600 0.000000 0.236629 0.295437 0.295437 0.295437
7468.992676 0.000000 983.135132 0.000000 0.787484 0.000000 0.616335 0.287317 0.287317 0.287317
4832.032227 0.000000 2239.828613 0.000000 0.914813 0.000000 -0.403879 0.209571 0.209571 0.209571
4846.042969 0.000000 2208.745361 0.000000 0.153386 0.000000 0.988166 0.209558 0.209558 0.209558
4841.128906 0.000000 2223.756348 0.000000 0.203467 0.000000 0.979082 0.228559 0.228559 0.228559
4853.633789 0.000000 2239.947754 0.000000 0.953154 0.000000 -0.302485 0.264097 0.264097 0.264097
4843.659668 0.000000 2239.070312 0.000000 0.925497 0.000000 0.378754 0.259623 0.259623 0.259623
4843.095215 0.000000 2217.209229 0.000000 0.823664 0.000000 0.567079 0.289230 0.289230 0.289230
4855.044922 0.000000 2241.979004 0.000000 0.016647 0.000000 0.999861 0.270318 0.270318 0.270318
4841.650879 0.000000 2212.177246 0.000000 0.964679 0.000000 0.263428 0.240518 0.240518 0.240518
4828.838379 0.000000 2227.958008 0.000000 0.368384 0.000000 0.929674 0.231916 0.231916 0.231916
4827.443848 0.000000 2235.155518 0.000000 0.815719 0.000000 -0.578448 0.311780 0.311780 0.311780
4845.585449 0.000000 2213.323730 0.000000 0.969988 0.000000 -0.243152 0.246089 0.246089 0.246089
4827.528320 0.000000 2237.429932 0.000000 0.864957 0.000000 0.501846 0.289959 0.289959 0.289959
4845.587891 0.000000 2210.662842 0.000000 0.851137 0.000000 0.524943 0.289445 0.289445 0.289445
4840.567383 0.000000 2237.573975 0.000000 0.988347 0.000000 0.152218 0.297082 0.297082 0.297082
4843.071777 0.000000 2213.469238 0.000000 0.981951 0.000000 0.189133 0.287427 0.287427 0.287427
4841.262207 0.000000 2216.228271 0.000000 0.492262 0.000000 0.870447 0.278436 0.278436 0.278436
4840.256348 0.000000 2219.738281 0.000000 0.625831 0.000000 0.779959 0.283316 0.283316 0.283316
4844.442383 0.000000 2209.403320 0.000000 0.766141 0.000000 0.642672 0.286670 0.286670 0.286670
4830.190918 0.000000 2239.944580 0.000000 0.389305 0.000000 0.921109 0.277856 0.277856 0.277856
4857.001953 0.000000 2238.322754 0.000000 0.840451 0.000000 -0.541888 0.310937 0.310937 0.310937
4831.967773 0.000000 2221.090332 0.000000 0.996115 0.000000 -0.088058 0.301684 0.301684 0.301684
4830.394531 0.000000 2220.937012 0.000000 0.916634 0.000000 0.399728 0.292146 0.292146 0.292146
4827.529297 0.000000 2233.576660 0.000000 0.101668 0.000000 0.994818 0.271945 0.271945 0.271945
4843.440918 0.000000 2210.579102 0.000000 0.835499 0.000000 -0.549492 0.311111 0.311111 0.311111
4850.362305 0.000000 2237.588135 0.000000 0.384468 0.000000 0.923138 0.277537 0.277537 0.277537
4846.049316 0.000000 2240.804199 0.000000 0.998774 0.000000 -0.049508 0.300946 0.300946 0.300946
4854.834961 0.000000 2240.565186 0.000000 0.334016 0.000000 0.942567 0.276504 0.276504 0.276504
4831.786621 0.000000 2236.612061 0.000000 0.676563 0.000000 0.736385 0.284192 0.284192 0.284192
4927.697754 0.000000 2134.645996 0.000000 0.998494 0.000000 0.054860 0.245049 0.245049 0.245049
4931.385254 0.000000 2128.356445 0.000000 0.962804 0.000000 0.270201 0.263300 0.263300 0.263300
4914.318359 0.000000 2146.612061 0.000000 0.187751 0.000000 0.982217 0.212320 0.212320 0.212320
4910.042969 0.000000 2152.260986 0.000000 0.652113 0.000000 0.758122 0.222753 0.222753 0.222753
4897.062500 0.000000 2198.480225 0.000000 0.340121 0.000000 0.940382 0.253544 0.253544 0.253544
4894.236816 0.000000 2255.420410 0.000000 0.779718 0.000000 0.626131 0.206636 0.206636 0.206636
4915.456055 0.000000 2253.178955 0.000000 0.884268 0.000000 0.466980 0.202787 0.202787 0.202787
4902.889160 0.000000 2226.330322 0.000000 0.525327 0.000000 0.850900 0.201861 0.201861 0.201861
4900.620605 0.000000 2249.599121 0.000000 0.730282 0.000000 0.683146 0.256923 0.256923 0.256923
4899.666992 0.000000 2239.376953 0.000000 0.812165 0.000000 0.583427 0.209187 0.209187 0.209187
4902.469727 0.000000 2229.484619 0.000000 0.989618 0.000000 0.143722 0.218084 0.218084 0.218084
4878.401855 0.000000 2244.586426 0.000000 0.527379 0.000000 0.849630 0.243927 0.243927 0.243927
4893.291016 0.000000 2245.233154 0.000000 0.987201 0.000000 -0.159484 0.303059 0.303059 0.303059
4891.203125 0.000000 2242.208252 0.000000 0.952207 0.000000 0.305454 0.294072 0.294072 0.294072
4881.493164 0.000000 2246.863525 0.000000 0.999912 0.000000 -0.013240 0.285638 0.285638 0.285638
4896.607910 0.000000 2241.981201 0.000000 0.718726 0.000000 0.695293 0.251049 0.251049 0.251049
4867.385254 0.000000 2241.325195 0.000000 0.874249 0.000000 0.485478 0.290319 0.290319 0.290319
4870.997070 0.000000 2243.147461 0.000000 0.974329 0.000000 -0.225129 0.304337 0.304337 0.304337
4888.887695 0.000000 2244.490723 0.000000 0.982854 0.000000 0.184388 0.296458 0.296458 0.296458
4897.987305 0.000000 2240.504395 0.000000 0.031587 0.000000 0.999501 0.241293 0.241293 0.241293
4886.911621 0.000000 2243.880127 0.000000 0.608050 0.000000 0.793899 0.282483 0.282483 0.282483
4886.604004 0.000000 2241.420166 0.000000 0.197194 0.000000 0.980365 0.273620 0.273620 0.273620
4897.680176 0.000000 2258.718262 0.000000 0.997363 0.000000 0.072580 0.290423 0.290423 0.290423
4885.917480 0.000000 2247.152832 0.000000 0.833514 0.000000 0.552498 0.286820 0.286820 0.286820
4883.070801 0.000000 2246.258545 0.000000 0.766979 0.000000 0.641672 0.287895 0.287895 0.287895
4892.266602 0.000000 2240.257812 0.000000 0.997063 0.000000 -0.076590 0.301464 0.301464 0.301464
4889.935547 0.000000 2243.293213 0.000000 0.958633 0.000000 0.284646 0.294487 0.294487 0.294487
4893.948242 0.000000 2244.010986 0.000000 0.988954 0.000000 -0.148226 0.302841 0.302841 0.302841
4891.559082 0.000000 2238.780029 0.000000 0.901447 0.000000 0.432889 0.291450 0.291450 0.291450
4870.251953 0.000000 2242.031006 0.000000 0.245888 0.000000 0.969298 0.274745 0.274745 0.274745
4425.278320 0.000000 2365.942871 0.000000 0.853803 0.000000 0.520596 0.211939 0.211939 0.211939
4153.360352 0.000000 2553.053467 0.000000 0.982893 0.000000 -0.184175 0.303239 0.303239 0.303239
4156.312988 0.000000 2565.551758 0.000000 0.999930 0.000000 0.011865 0.268467 0.268467 0.268467
4193.099609 0.000000 2575.746582 0.000000 0.848824 0.000000 0.528676 0.208659 0.208659 0.208659
4183.339844 0.000000 2574.204346 0.000000 0.992313 0.000000 0.123755 0.230997 0.230997 0.230997
4167.143066 0.000000 2569.181396 0.000000 0.890250 0.000000 -0.455473 0.246216 0.246216 0.246216
4166.028809 0.000000 2564.726562 0.000000 0.876745 0.000000 0.480955 0.271362 0.271362 0.271362
4160.597656 0.000000 2562.264160 0.000000 0.974699 0.000000 -0.223520 0.256757 0.256757 0.256757
4164.483887 0.000000 2571.545654 0.000000 0.531200 0.000000 0.847247 0.253972 0.253972 0.253972
4177.688477 0.000000 2570.023682 0.000000 0.681238 0.000000 0.732062 0.282861 0.282861 0.282861
4428.552734 0.000000 2511.506592 0.000000 0.343312 0.000000 0.939222 0.191652 0.191652 0.191652
4429.506836 0.000000 2521.126953 0.000000 0.220883 0.000000 0.975300 0.202756 0.202756 0.202756
4468.463867 0.000000 2500.394287 0.000000 0.996139 0.000000 0.087788 0.231907 0.231907 0.231907
4437.422363 0.000000 2509.667480 0.000000 0.013740 0.000000 0.999906 0.272245 0.272245 0.272245
4428.062012 0.000000 2506.617920 0.000000 0.997814 0.000000 -0.066082 0.283067 0.283067 0.283067
4430.777344 0.000000 2505.564697 0.000000 0.746169 0.000000 0.665757 0.274707 0.274707 0.274707
4432.985352 0.000000 2507.488281 0.000000 0.072032 0.000000 0.997402 0.272724 0.272724 0.272724
4435.835449 0.000000 2506.199463 0.000000 0.700526 0.000000 0.713627 0.285567 0.285567 0.285567
4430.222168 0.000000 2508.463379 0.000000 0.114378 0.000000 0.993437 0.273880 0.273880 0.273880
4433.817871 0.000000 2504.473633 0.000000 0.924398 0.000000 -0.381429 0.307430 0.307430 0.307430
4452.620605 0.000000 2588.505371 0.000000 0.951184 0.000000 0.308624 0.224788 0.224788 0.224788
4457.204590 0.000000 2578.358154 0.000000 0.994565 0.000000 -0.104118 0.250213 0.250213 0.250213
4467.634277 0.000000 2584.524658 0.000000 0.917470 0.000000 -0.397805 0.219374 0.219374 0.219374
4444.380371 0.000000 2596.647217 0.000000 0.971897 0.000000 0.235407 0.254498 0.254498 0.254498
4449.062500 0.000000 2593.870850 0.000000 0.992169 0.000000 0.124906 0.223233 0.223233 0.223233
4471.044922 0.000000 2580.885254 0.000000 0.987334 0.000000 0.158653 0.242787 0.242787 0.242787
4471.405273 0.000000 2576.649902 0.000000 0.826728 0.000000 0.562601 0.233753 0.233753 0.233753
4465.314941 0.000000 2584.495117 0.000000 0.753920 0.000000 0.656967 0.233537 0.233537 0.233537
4461.465820 0.000000 2586.092773 0.000000 0.991491 0.000000 0.130178 0.259684 0.259684 0.259684
4440.641113 0.000000 2597.521484 0.000000 0.428673 0.000000 0.903460 0.233636 0.233636 0.233636
4458.281250 0.000000 2584.008545 0.000000 0.743685 0.000000 0.668530 0.287332 0.287332 0.287332
4441.618652 0.000000 2593.474121 0.000000 0.782377 0.000000 0.622805 0.285875 0.285875 0.285875
4446.716309 0.000000 2588.034912 0.000000 0.841382 0.000000 -0.540441 0.282302 0.282302 0.282302
4461.537598 0.000000 2582.186523 0.000000 0.841161 0.000000 -0.540785 0.258520 0.258520 0.258520
4466.750488 0.000000 2582.350098 0.000000 0.250131 0.000000 0.968212 0.253687 0.253687 0.253687
4467.318359 0.000000 2575.438232 0.000000 0.877664 0.000000 0.479276 0.252864 0.252864 0.252864
4472.471680 0.000000 2582.252930 0.000000 0.979596 0.000000 0.200978 0.296310 0.296310 0.296310
4444.899902 0.000000 2593.345459 0.000000 0.299482 0.000000 0.954102 0.260638 0.260638 0.260638
4444.266602 0.000000 2579.164062 0.000000 0.485754 0.000000 0.874096 0.281480 0.281480 0.281480
4445.264648 0.000000 2588.578125 0.000000 0.840443 0.000000 -0.541900 0.310380 0.310380 0.310380
4455.243164 0.000000 2592.697266 0.000000 0.984223 0.000000 0.176934 0.296603 0.296603 0.296603
4528.205566 0.000000 2541.771240 0.000000 0.437224 0.000000 0.899353 0.192685 0.192685 0.192685
4535.107910 0.000000 2530.513916 0.000000 0.381337 0.000000 0.924436 0.191784 0.191784 0.191784
4542.419434 0.000000 2527.459717 0.000000 0.557754 0.000000 0.830006 0.219056 0.219056 0.219056
4533.860840 0.000000 2533.378906 0.000000 0.807868 0.000000 0.589363 0.215479 0.215479 0.215479
4530.861328 0.000000 2540.830078 0.000000 0.981748 0.000000 0.190185 0.296345 0.296345 0.296345
4551.979980 0.000000 2527.447754 0.000000 0.997158 0.000000 -0.075341 0.205319 0.205319 0.205319
4549.729492 0.000000 2527.341309 0.000000 0.069530 0.000000 0.997580 0.269627 0.269627 0.269627
4549.041016 0.000000 2529.089111 0.000000 0.214533 0.000000 0.976717 0.274129 0.274129 0.274129
4547.452637 0.000000 2525.284912 0.000000 0.719373 0.000000 0.694624 0.285334 0.285334 0.285334
4495.272949 0.000000 2563.715332 0.000000 0.035705 0.000000 0.999362 0.189384 0.189384 0.189384
4510.530273 0.000000 2565.256836 0.000000 0.893340 0.000000 0.449381 0.196835 0.196835 0.196835
4520.015625 0.000000 2549.425537 0.000000 0.838827 0.000000 -0.544398 0.230773 0.230773 0.230773
4493.099609 0.000000 2561.573486 0.000000 0.480683 0.000000 0.876894 0.242770 0.242770 0.242770
4521.650879 0.000000 2551.083496 0.000000 0.968970 0.000000 0.247179 0.295230 0.295230 0.295230
4497.219727 0.000000 2553.255615 0.000000 0.753680 0.000000 0.657242 0.250668 0.250668 0.250668
4488.722168 0.000000 2574.315918 0.000000 0.735968 0.000000 0.677017 0.276515 0.276515 0.276515
4488.309570 0.000000 2570.590088 0.000000 0.777402 0.000000 0.629004 0.262542 0.262542 0.262542
4489.880371 0.000000 2575.315430 0.000000 0.958595 0.000000 -0.284773 0.292786 0.292786 0.292786
4504.470703 0.000000 2564.544922 0.000000 0.852839 0.000000 -0.522174 0.310472 0.310472 0.310472
4356.789062 0.000000 2632.138184 0.000000 0.943488 0.000000 -0.331408 0.277842 0.277842 0.277842
4447.826172 0.000000 2606.403564 0.000000 0.647889 0.000000 0.761735 0.194011 0.194011 0.194011
4437.668945 0.000000 2608.070068 0.000000 0.878514 0.000000 0.477717 0.204843 0.204843 0.204843
4440.077637 0.000000 2607.677734 0.000000 0.997487 0.000000 -0.070851 0.252652 0.252652 0.252652
4428.080078 0.000000 2629.570068 0.000000 0.582196 0.000000 0.813049 0.251278 0.251278 0.251278
4457.963379 0.000000 2605.810547 0.000000 0.227159 0.000000 0.973858 0.276838 0.276838 0.276838
4432.985352 0.000000 2620.457031 0.000000 0.335109 0.000000 0.942179 0.260709 0.260709 0.260709
4427.461426 0.000000 2625.875732 0.000000 0.862095 0.000000 0.506747 0.289851 0.289851 0.289851
4449.519531 0.000000 2606.142334 0.000000 0.243669 0.000000 0.969858 0.277231 0.277231 0.277231
4438.338379 0.000000 2611.263672 0.000000 0.989779 0.000000 0.142607 0.297428 0.297428 0.297428
4454.707031 0.000000 2606.838623 0.000000 0.614542 0.000000 0.788884 0.284342 0.284342 0.284342
4426.583984 0.000000 2624.505371 0.000000 0.112067 0.000000 0.993701 0.272145 0.272145 0.272145
4771.765137 0.000000 2454.675293 0.000000 0.317285 0.000000 0.948330 0.197555 0.197555 0.197555
4759.293457 0.000000 2452.392822 0.000000 0.525671 0.000000 0.850688 0.232351 0.232351 0.232351
4760.795410 0.000000 2456.740234 0.000000 0.994120 0.000000 -0.108283 0.221395 0.221395 0.221395
4756.821777 0.000000 2459.939209 0.000000 0.953327 0.000000 -0.301941 0.267562 0.267562 0.267562
4757.609863 0.000000 2461.477051 0.000000 0.677807 0.000000 0.735240 0.255937 0.255937 0.255937
4762.869141 0.000000 2450.277100 0.000000 0.988624 0.000000 0.150411 0.297116 0.297116 0.297116
4765.067383 0.000000 2452.341064 0.000000 0.503504 0.000000 0.863993 0.280077 0.280077 0.280077
4764.286133 0.000000 2450.513672 0.000000 0.982644 0.000000 -0.185504 0.303564 0.303564 0.303564
4760.470703 0.000000 2451.576172 0.000000 0.545180 0.000000 0.838319 0.281012 0.281012 0.281012
4892.793945 0.000000 2262.216797 0.000000 0.999014 0.000000 -0.044387 0.200306 0.200306 0.200306
4900.045898 0.000000 2264.649902 0.000000 0.820500 0.000000 -0.571646 0.221625 0.221625 0.221625
4909.375000 0.000000 2284.296631 0.000000 0.465045 0.000000 0.885287 0.252457 0.252457 0.252457
4908.376953 0.000000 2305.642578 0.000000 0.787149 0.000000 0.616762 0.258088 0.258088 0.258088
4906.288574 0.000000 2282.522705 0.000000 0.682944 0.000000 0.730471 0.251946 0.251946 0.251946
4899.104004 0.000000 2267.916992 0.000000 0.942865 0.000000 -0.333176 0.231495 0.231495 0.231495
4908.127930 0.000000 2286.816406 0.000000 0.999085 0.000000 -0.042758 0.223633 0.223633 0.223633
4898.111328 0.000000 2290.990234 0.000000 0.896860 0.000000 0.442314 0.221286 0.221286 0.221286
4901.463867 0.000000 2266.980469 0.000000 0.876111 0.000000 0.482109 0.247516 0.247516 0.247516
4907.095215 0.000000 2273.693604 0.000000 0.905527 0.000000 -0.424289 0.249353 0.249353 0.249353
4920.630371 0.000000 2312.830078 0.000000 0.965813 0.000000 0.259238 0.295188 0.295188 0.295188
4909.747070 0.000000 2308.066650 0.000000 0.188201 0.000000 0.982131 0.225969 0.225969 0.225969
4904.199219 0.000000 2290.220947 0.000000 0.941577 0.000000 0.336798 0.264524 0.264524 0.264524
4898.934570 0.000000 2262.944092 0.000000 0.277417 0.000000 0.960750 0.252160 0.252160 0.252160
4899.217285 0.000000 2270.213623 0.000000 0.313610 0.000000 0.949552 0.243476 0.243476 0.243476
4915.318359 0.000000 2293.016357 0.000000 0.973901 0.000000 0.226973 0.252965 0.252965 0.252965
4894.725586 0.000000 2262.967529 0.000000 0.794904 0.000000 0.606736 0.250964 0.250964 0.250964
4913.909180 0.000000 2291.216309 0.000000 0.602777 0.000000 0.797909 0.273178 0.273178 0.273178
4901.372070 0.000000 2263.439453 0.000000 0.479810 0.000000 0.877373 0.252680 0.252680 0.252680
4925.535645 0.000000 2313.550537 0.000000 0.090775 0.000000 0.995871 0.249098 0.249098 0.249098
4898.937012 0.000000 2261.159668 0.000000 0.999190 0.000000 -0.040240 0.300702 0.300702 0.300702
4900.990723 0.000000 2260.060547 0.000000 0.050577 0.000000 0.998720 0.268857 0.268857 0.268857
4920.710938 0.000000 2283.206543 0.000000 0.274650 0.000000 0.961544 0.256434 0.256434 0.256434
4898.977539 0.000000 2273.874512 0.000000 0.193130 0.000000 0.981173 0.275516 0.275516 0.275516
4912.395508 0.000000 2291.706055 0.000000 0.996914 0.000000 -0.078506 0.288908 0.288908 0.288908
4901.106445 0.000000 2271.972900 0.000000 0.081959 0.000000 0.996636 0.271567 0.271567 0.271567
4916.241699 0.000000 2271.109863 0.000000 0.974949 0.000000 -0.222428 0.304133 0.304133 0.304133
4929.451660 0.000000 2268.767334 0.000000 0.856822 0.000000 0.515612 0.216256 0.216256 0.216256
4929.318848 0.000000 2354.747803 0.000000 0.978063 0.000000 0.208309 0.214768 0.214768 0.214768
4928.894531 0.000000 2346.159424 0.000000 0.328277 0.000000 0.944581 0.211159 0.211159 0.211159
4955.698730 0.000000 2362.358643 0.000000 0.308528 0.000000 0.951215 0.219402 0.219402 0.219402
4931.385254 0.000000 2354.293945 0.000000 0.298945 0.000000 0.954270 0.244253 0.244253 0.244253
4959.732910 0.000000 2368.676270 0.000000 0.968158 0.000000 0.250340 0.295310 0.295310 0.295310
5010.817383 0.000000 2346.303223 0.000000 0.673420 0.000000 0.739260 0.209556 0.209556 0.209556
5008.716797 0.000000 2347.957275 0.000000 0.951366 0.000000 0.308064 0.254111 0.254111 0.254111
4960.426758 0.000000 2384.781494 0.000000 0.885451 0.000000 0.464734 0.209793 0.209793 0.209793
4933.119141 0.000000 2388.778076 0.000000 0.258505 0.000000 0.966010 0.195590 0.195590 0.195590
4961.519531 0.000000 2380.204834 0.000000 0.821768 0.000000 0.569821 0.266180 0.266180 0.266180
5099.722656 0.000000 2653.604492 0.000000 0.838927 0.000000 0.544244 0.273420 0.273420 0.273420
5106.516602 0.000000 2670.797119 0.000000 0.008557 0.000000 0.999963 0.239132 0.239132 0.239132
5098.257812 0.000000 2657.028076 0.000000 0.837138 0.000000 0.546992 0.272849 0.272849 0.272849
5097.963379 0.000000 2662.294922 0.000000 0.965083 0.000000 -0.261943 0.304883 0.304883 0.304883
5100.442383 0.000000 2661.278320 0.000000 0.493678 0.000000 0.869645 0.279438 0.279438 0.279438
5105.237305 0.000000 2667.972168 0.000000 0.635746 0.000000 0.771898 0.283158 0.283158 0.283158
5098.135254 0.000000 2659.265137 0.000000 0.780293 0.000000 0.625414 0.275526 0.275526 0.275526
5094.826172 0.000000 2661.501709 0.000000 0.900612 0.000000 -0.434623 0.308267 0.308267 0.308267
5105.824707 0.000000 2665.250977 0.000000 0.166567 0.000000 0.986030 0.273196 0.273196 0.273196
5108.156250 0.000000 2673.133789 0.000000 0.992801 0.000000 0.119774 0.297707 0.297707 0.297707
5168.205566 0.000000 2654.739990 0.000000 0.988744 0.000000 0.149615 0.199033 0.199033 0.199033
5156.276367 0.000000 2631.528076 0.000000 0.986621 0.000000 -0.163029 0.261718 0.261718 0.261718
5145.916992 0.000000 2643.047363 0.000000 0.083223 0.000000 0.996531 0.236277 0.236277 0.236277
5156.029297 0.000000 2616.833984 0.000000 0.999684 0.000000 -0.025132 0.224036 0.224036 0.224036
5139.443848 0.000000 2648.200928 0.000000 0.857586 0.000000 0.514341 0.290390 0.290390 0.290390
5161.128906 0.000000 2619.146973 0.000000 0.929163 0.000000 0.369671 0.221475 0.221475 0.221475
5172.706543 0.000000 2654.596680 0.000000 0.514352 0.000000 0.857579 0.240739 0.240739 0.240739
5139.253418 0.000000 2645.867920 0.000000 0.869206 0.000000 -0.494451 0.256705 0.256705 0.256705
5175.405273 0.000000 2633.134277 0.000000 0.341569 0.000000 0.939857 0.224200 0.224200 0.224200
5144.887695 0.000000 2639.881348 0.000000 0.843376 0.000000 0.537324 0.246225 0.246225 0.246225
5149.739258 0.000000 2619.744385 0.000000 0.688429 0.000000 0.725304 0.258682 0.258682 0.258682
5140.141113 0.000000 2652.213135 0.000000 0.952893 0.000000 0.303306 0.289852 0.289852 0.289852
5163.960938 0.000000 2620.383545 0.000000 0.986716 0.000000 -0.162456 0.302878 0.302878 0.302878
5173.188965 0.000000 2652.694092 0.000000 0.991857 0.000000 -0.127354 0.302286 0.302286 0.302286
5130.663574 0.000000 2652.866211 0.000000 0.219045 0.000000 0.975715 0.276442 0.276442 0.276442
5139.343262 0.000000 2649.882324 0.000000 0.760443 0.000000 0.649405 0.287427 0.287427 0.287427
5177.001953 0.000000 2633.713379 0.000000 0.021920 0.000000 0.999760 0.270419 0.270419 0.270419
5159.382324 0.000000 2631.899658 0.000000 0.805370 0.000000 0.592772 0.286512 0.286512 0.286512
5146.869141 0.000000 2619.730225 0.000000 0.807512 0.000000 0.589852 0.289156 0.289156 0.289156
5140.440918 0.000000 2653.787842 0.000000 0.853685 0.000000 0.520789 0.285882 0.285882 0.285882
5163.954590 0.000000 2621.987305 0.000000 0.936545 0.000000 0.350548 0.293683 0.293683 0.293683
5138.010742 0.000000 2648.814209 0.000000 0.996199 0.000000 -0.087102 0.301551 0.301551 0.301551
5142.025391 0.000000 2640.575195 0.000000 0.405722 0.000000 0.913997 0.277979 0.277979 0.277979
5177.993164 0.000000 2634.877197 0.000000 0.340997 0.000000 0.940064 0.276646 0.276646 0.276646
5141.894043 0.000000 2651.555176 0.000000 0.935262 0.000000 0.353957 0.293090 0.293090 0.293090
5157.604004 0.000000 2620.865234 0.000000 0.913098 0.000000 -0.407740 0.308021 0.308021 0.308021
5179.962402 0.000000 2637.229492 0.000000 0.376038 0.000000 0.926604 0.279538 0.279538 0.279538
5137.775879 0.000000 2645.854492 0.000000 0.991526 0.000000 -0.129909 0.302488 0.302488 0.302488
5140.196289 0.000000 2647.043457 0.000000 0.566500 0.000000 0.824062 0.281502 0.281502 0.281502
5142.383789 0.000000 2645.292969 0.000000 0.318718 0.000000 0.947850 0.276195 0.276195 0.276195
5131.786133 0.000000 2659.818604 0.000000 0.707891 0.000000 0.706321 0.197920 0.197920 0.197920
5131.486816 0.000000 2663.325195 0.000000 0.999894 0.000000 0.014590 0.224237 0.224237 0.224237
5161.128906 0.000000 2675.631348 0.000000 0.999985 0.000000 0.005526 0.299894 0.299894 0.299894
5138.498535 0.000000 2658.583740 0.000000 0.999959 0.000000 -0.009021 0.248562 0.248562 0.248562
5172.657715 0.000000 2654.801758 0.000000 0.999306 0.000000 0.037262 0.252500 0.252500 0.252500
5160.256348 0.000000 2671.613281 0.000000 0.730836 0.000000 0.682553 0.274865 0.274865 0.274865
5160.687988 0.000000 2677.266357 0.000000 0.975561 0.000000 -0.219730 0.303966 0.303966 0.303966
5149.325684 0.000000 2659.240723 0.000000 0.843248 0.000000 -0.537525 0.309988 0.309988 0.309988
5162.415039 0.000000 2674.383789 0.000000 0.159180 0.000000 0.987250 0.271117 0.271117 0.271117
5131.316406 0.000000 2655.682617 0.000000 0.995595 0.000000 -0.093760 0.284617 0.284617 0.284617
5139.350098 0.000000 2657.119385 0.000000 0.183613 0.000000 0.982999 0.259822 0.259822 0.259822
5142.020996 0.000000 2656.085693 0.000000 0.897607 0.000000 -0.440796 0.308718 0.308718 0.308718
5160.469727 0.000000 2674.030762 0.000000 0.712838 0.000000 0.701329 0.285155 0.285155 0.285155
5154.977539 0.000000 2669.265137 0.000000 0.940262 0.000000 0.340451 0.284909 0.284909 0.284909
5149.055664 0.000000 2660.779297 0.000000 0.998765 0.000000 0.049690 0.299140 0.299140 0.299140
5159.789551 0.000000 2668.703125 0.000000 0.998617 0.000000 -0.052579 0.301005 0.301005 0.301005
5146.256836 0.000000 2659.490479 0.000000 0.969671 0.000000 0.244415 0.295312 0.295312 0.295312
5140.179199 0.000000 2656.042725 0.000000 0.218821 0.000000 0.975765 0.274213 0.274213 0.274213
5224.763184 0.000000 2669.887695 0.000000 0.939889 0.000000 0.341480 0.236921 0.236921 0.236921
5219.991211 0.000000 2670.492188 0.000000 0.064424 0.000000 0.997923 0.190191 0.190191 0.190191
5224.974609 0.000000 2666.287109 0.000000 0.888183 0.000000 0.459491 0.215747 0.215747 0.215747
5228.194824 0.000000 2666.843018 0.000000 0.747993 0.000000 0.663706 0.273212 0.273212 0.273212
5220.029297 0.000000 2673.318359 0.000000 0.998585 0.000000 -0.053173 0.221475 0.221475 0.221475
5217.491699 0.000000 2660.660889 0.000000 0.772515 0.000000 0.634996 0.264503 0.264503 0.264503
5222.824707 0.000000 2660.003418 0.000000 0.036853 0.000000 0.999321 0.225781 0.225781 0.225781
5237.428223 0.000000 2672.606934 0.000000 0.958567 0.000000 -0.284866 0.247712 0.247712 0.247712
5222.385742 0.000000 2671.610596 0.000000 0.999841 0.000000 0.017826 0.257763 0.257763 0.257763
5223.465820 0.000000 2664.651367 0.000000 0.761412 0.000000 0.648269 0.261679 0.261679 0.261679
5229.585449 0.000000 2665.198730 0.000000 0.992283 0.000000 -0.123997 0.266333 0.266333 0.266333
5229.587891 0.000000 2662.537842 0.000000 0.987186 0.000000 -0.159576 0.252561 0.252561 0.252561
5241.360352 0.000000 2666.022217 0.000000 0.829298 0.000000 0.558806 0.261662 0.261662 0.261662
5223.104492 0.000000 2666.659180 0.000000 0.398451 0.000000 0.917189 0.265587 0.265587 0.265587
5220.749023 0.000000 2664.135010 0.000000 0.984062 0.000000 -0.177824 0.303147 0.303147 0.303147
5237.929688 0.000000 2670.836426 0.000000 0.865693 0.000000 -0.500575 0.309934 0.309934 0.309934
5229.674805 0.000000 2667.769043 0.000000 0.997071 0.000000 -0.076487 0.285485 0.285485 0.285485
5236.078125 0.000000 2671.436279 0.000000 0.557789 0.000000 0.829983 0.281448 0.281448 0.281448
5289.128906 0.000000 2675.631348 0.000000 0.425054 0.000000 0.905168 0.238551 0.238551 0.238551
5274.245605 0.000000 2673.277588 0.000000 0.753856 0.000000 0.657039 0.227801 0.227801 0.227801
5257.322266 0.000000 2673.733154 0.000000 0.998550 0.000000 0.053841 0.240045 0.240045 0.240045
5258.704590 0.000000 2677.508057 0.000000 0.895639 0.000000 0.444781 0.256013 0.256013 0.256013
5284.560547 0.000000 2668.821289 0.000000 0.938386 0.000000 -0.345589 0.271068 0.271068 0.271068
5284.813477 0.000000 2671.919922 0.000000 0.486119 0.000000 0.873893 0.279695 0.279695 0.279695
5438.675293 0.000000 2650.032471 0.000000 0.983357 0.000000 -0.181683 0.276241 0.276241 0.276241
5501.524414 0.000000 2671.835449 0.000000 0.282177 0.000000 0.959362 0.195773 0.195773 0.195773
5450.564941 0.000000 2657.314453 0.000000 0.486310 0.000000 0.873786 0.211176 0.211176 0.211176
5500.013184 0.000000 2669.630371 0.000000 0.970465 0.000000 -0.241244 0.274221 0.274221 0.274221
5452.251465 0.000000 2661.601807 0.000000 0.357974 0.000000 0.933731 0.243575 0.243575 0.243575
5480.256348 0.000000 2671.613281 0.000000 0.973784 0.000000 -0.227475 0.265986 0.265986 0.265986
5453.188965 0.000000 2663.020264 0.000000 0.304300 0.000000 0.952576 0.276567 0.276567 0.276567
5448.993164 0.000000 2657.892334 0.000000 0.683001 0.000000 0.730417 0.269253 0.269253 0.269253
5457.256836 0.000000 2802.449219 0.000000 0.998648 0.000000 0.051990 0.212745 0.212745 0.212745
5457.493164 0.000000 2811.707275 0.000000 0.883960 0.000000 -0.467563 0.268124 0.268124 0.268124
5465.935547 0.000000 2808.136963 0.000000 0.982404 0.000000 -0.186770 0.303588 0.303588 0.303588
5535.334473 0.000000 2752.235352 0.000000 0.860688 0.000000 0.509132 0.245028 0.245028 0.245028
5504.009766 0.000000 2753.442627 0.000000 0.999882 0.000000 0.015355 0.234300 0.234300 0.234300
5545.967773 0.000000 2741.067871 0.000000 0.930571 0.000000 -0.366110 0.235885 0.235885 0.235885
5529.916992 0.000000 2756.016113 0.000000 0.164640 0.000000 0.986354 0.237258 0.237258 0.237258
5510.057129 0.000000 2756.187744 0.000000 0.135302 0.000000 0.990804 0.202048 0.202048 0.202048
5506.575684 0.000000 2752.376953 0.000000 0.618561 0.000000 0.785737 0.233075 0.233075 0.233075
5544.199219 0.000000 2742.095947 0.000000 0.418828 0.000000 0.908066 0.244888 0.244888 0.244888
5546.375488 0.000000 2742.793213 0.000000 0.999498 0.000000 0.031680 0.283271 0.283271 0.283271
5528.204102 0.000000 2755.777588 0.000000 0.739105 0.000000 0.673590 0.270961 0.270961 0.270961
5529.560059 0.000000 2754.423584 0.000000 0.995352 0.000000 0.096302 0.280623 0.280623 0.280623
5537.491699 0.000000 2773.629639 0.000000 0.974335 0.000000 0.225104 0.225601 0.225601 0.225601
5538.967773 0.000000 2802.477051 0.000000 0.937989 0.000000 0.346666 0.261151 0.261151 0.261151
5543.039551 0.000000 2807.895996 0.000000 0.905744 0.000000 -0.423826 0.271606 0.271606 0.271606
5574.057129 0.000000 2812.672119 0.000000 0.057429 0.000000 0.998350 0.222660 0.222660 0.222660
5476.045898 0.000000 2829.493652 0.000000 0.971640 0.000000 -0.236466 0.250603 0.250603 0.250603
5501.611816 0.000000 2862.978516 0.000000 0.761924 0.000000 0.647667 0.212726 0.212726 0.212726
5487.882812 0.000000 2829.242432 0.000000 0.993300 0.000000 -0.115568 0.265654 0.265654 0.265654
5495.893555 0.000000 2867.723633 0.000000 0.810875 0.000000 -0.585220 0.278273 0.278273 0.278273
5494.173828 0.000000 2886.887451 0.000000 0.039104 0.000000 0.999235 0.203207 0.203207 0.203207
5491.318359 0.000000 2914.344482 0.000000 0.504677 0.000000 0.863308 0.269853 0.269853 0.269853
5497.112305 0.000000 2887.293457 0.000000 0.996351 0.000000 -0.085346 0.283358 0.283358 0.283358
5567.814453 0.000000 2842.663330 0.000000 0.999928 0.000000 -0.011976 0.237378 0.237378 0.237378
5567.510742 0.000000 2848.955566 0.000000 0.964654 0.000000 -0.263518 0.265314 0.265314 0.265314
5566.383301 0.000000 2845.385254 0.000000 0.361782 0.000000 0.932263 0.277070 0.277070 0.277070
5512.986816 0.000000 2878.926758 0.000000 0.986301 0.000000 -0.164958 0.299990 0.299990 0.299990
5573.119141 0.000000 2840.653076 0.000000 0.999758 0.000000 0.021981 0.215783 0.215783 0.215783
5571.837402 0.000000 2847.780762 0.000000 0.346047 0.000000 0.938217 0.210328 0.210328 0.210328
5574.363770 0.000000 2833.731445 0.000000 0.615251 0.000000 0.788332 0.221778 0.221778 0.221778
5571.095703 0.000000 2839.668945 0.000000 0.656494 0.000000 0.754331 0.250471 0.250471 0.250471
5559.531250 0.000000 2891.306885 0.000000 0.998978 0.000000 0.045192 0.256867 0.256867 0.256867
5515.786133 0.000000 2885.756104 0.000000 0.831011 0.000000 0.556256 0.209989 0.209989 0.209989
5551.145508 0.000000 2898.851074 0.000000 0.818803 0.000000 0.574075 0.249373 0.249373 0.249373
5559.353516 0.000000 2887.846924 0.000000 0.872035 0.000000 0.489443 0.290232 0.290232 0.290232
5552.663086 0.000000 2899.359131 0.000000 0.954460 0.000000 -0.298338 0.305582 0.305582 0.305582
"}
object={
	name="cypress_mediterranean_sparse_generator_1_1"
	clamp_to_water_level=no
	render_under_water=no
	generated_content=yes
	layer="semidynamic"
	pdxmesh="tree_cypress_mediterranean_01_mesh"
	count=225
	transform="4006.535645 0.000000 2401.851807 0.000000 0.772953 0.000000 -0.634463 0.220505 0.220505 0.220505
3997.237549 0.000000 2405.865967 0.000000 0.080818 0.000000 -0.996729 0.217025 0.217025 0.217025
4022.382080 0.000000 2401.671387 0.000000 0.156970 0.000000 -0.987603 0.227110 0.227110 0.227110
4006.646240 0.000000 2404.500977 0.000000 0.135787 0.000000 -0.990738 0.236122 0.236122 0.236122
3995.528320 0.000000 2406.883057 0.000000 0.743637 0.000000 -0.668583 0.279129 0.279129 0.279129
3993.034668 0.000000 2404.290283 0.000000 0.143732 0.000000 -0.989617 0.286609 0.286609 0.286609
4002.559814 0.000000 2405.549316 0.000000 0.433171 0.000000 -0.901312 0.319846 0.319846 0.319846
4003.506348 0.000000 2404.213867 0.000000 0.093277 0.000000 -0.995640 0.326114 0.326114 0.326114
4069.982422 0.000000 2422.605469 0.000000 0.426801 0.000000 -0.904346 0.207785 0.207785 0.207785
4044.080078 0.000000 2403.632568 0.000000 0.315304 0.000000 -0.948991 0.315023 0.315023 0.315023
4045.021240 0.000000 2404.972656 0.000000 0.717622 0.000000 -0.696433 0.299153 0.299153 0.299153
3984.971924 0.000000 2478.005127 0.000000 0.313453 0.000000 -0.949604 0.272831 0.272831 0.272831
4000.544434 0.000000 2476.159668 0.000000 0.386526 0.000000 -0.922279 0.242471 0.242471 0.242471
3987.253418 0.000000 2476.414795 0.000000 0.295831 0.000000 -0.955240 0.273059 0.273059 0.273059
4021.449463 0.000000 2478.719727 0.000000 0.707553 0.000000 -0.706660 0.294483 0.294483 0.294483
3996.899902 0.000000 2480.376709 0.000000 0.563672 0.000000 -0.825999 0.318563 0.318563 0.318563
4068.620605 0.000000 2475.536621 0.000000 0.184733 0.000000 -0.982789 0.215616 0.215616 0.215616
4064.544434 0.000000 2476.159668 0.000000 0.367780 0.000000 -0.929913 0.272120 0.272120 0.272120
4079.339111 0.000000 2429.074219 0.000000 0.143424 0.000000 -0.989661 0.326877 0.326877 0.326877
4058.529541 0.000000 2484.234863 0.000000 0.805192 0.000000 -0.593014 0.265235 0.265235 0.265235
4079.286621 0.000000 2430.601562 0.000000 0.468392 0.000000 -0.883521 0.320406 0.320406 0.320406
3951.663086 0.000000 2495.324463 0.000000 0.469478 0.000000 -0.882944 0.283877 0.283877 0.283877
3955.634277 0.000000 2528.040283 0.000000 0.247189 0.000000 -0.968967 0.251462 0.251462 0.251462
3926.782471 0.000000 2492.615967 0.000000 0.101124 0.000000 -0.994874 0.237070 0.237070 0.237070
3916.617676 0.000000 2501.959717 0.000000 0.732431 0.000000 -0.680841 0.289072 0.289072 0.289072
3969.451416 0.000000 2497.488037 0.000000 0.717258 0.000000 -0.696808 0.313915 0.313915 0.313915
3994.122314 0.000000 2496.120850 0.000000 0.533254 0.000000 -0.845955 0.206948 0.206948 0.206948
4000.617920 0.000000 2488.678223 0.000000 0.570036 0.000000 -0.821620 0.214908 0.214908 0.214908
3986.190674 0.000000 2494.834717 0.000000 0.604059 0.000000 -0.796939 0.220625 0.220625 0.220625
3980.457520 0.000000 2537.088379 0.000000 0.133053 0.000000 -0.991109 0.247567 0.247567 0.247567
3991.407959 0.000000 2497.150635 0.000000 0.269771 0.000000 -0.962925 0.255637 0.255637 0.255637
3974.997070 0.000000 2525.569336 0.000000 0.416270 0.000000 -0.909241 0.281531 0.281531 0.281531
3979.256348 0.000000 2538.345947 0.000000 0.142599 0.000000 -0.989781 0.314014 0.314014 0.314014
4036.763672 0.000000 2521.504639 0.000000 0.509879 0.000000 -0.860246 0.282624 0.282624 0.282624
4049.939453 0.000000 2527.108154 0.000000 0.148530 0.000000 -0.988908 0.274920 0.274920 0.274920
4080.918701 0.000000 2500.298584 0.000000 0.051136 0.000000 -0.998692 0.271582 0.271582 0.271582
4044.083740 0.000000 2530.826416 0.000000 0.517446 0.000000 -0.855716 0.270062 0.270062 0.270062
4039.213623 0.000000 2523.512451 0.000000 0.158492 0.000000 -0.987360 0.240974 0.240974 0.240974
4060.947998 0.000000 2515.384277 0.000000 0.688547 0.000000 -0.725192 0.225724 0.225724 0.225724
4059.190674 0.000000 2513.621826 0.000000 0.642953 0.000000 -0.765906 0.257780 0.257780 0.257780
4056.077637 0.000000 2494.708984 0.000000 0.358060 0.000000 -0.933698 0.240276 0.240276 0.240276
4084.657715 0.000000 2485.348633 0.000000 0.604217 0.000000 -0.796820 0.258342 0.258342 0.258342
4034.026611 0.000000 2533.938721 0.000000 0.311791 0.000000 -0.950151 0.323052 0.323052 0.323052
4049.493164 0.000000 2529.285400 0.000000 0.516516 0.000000 -0.856278 0.270075 0.270075 0.270075
4068.682129 0.000000 2509.101807 0.000000 0.222847 0.000000 -0.974853 0.324095 0.324095 0.324095
4082.709717 0.000000 2499.402344 0.000000 0.176318 0.000000 -0.984333 0.266240 0.266240 0.266240
4082.425537 0.000000 2487.466797 0.000000 0.088184 0.000000 -0.996104 0.282154 0.282154 0.282154
4056.332764 0.000000 2520.516846 0.000000 0.004709 0.000000 -0.999989 0.276697 0.276697 0.276697
4036.189941 0.000000 2530.475830 0.000000 0.004296 0.000000 -0.999991 0.300335 0.300335 0.300335
4062.609619 0.000000 2510.975098 0.000000 0.131261 0.000000 -0.991348 0.286778 0.286778 0.286778
4032.517090 0.000000 2535.089600 0.000000 0.648869 0.000000 -0.760900 0.306809 0.306809 0.306809
4077.430908 0.000000 2489.364258 0.000000 0.552880 0.000000 -0.833261 0.313161 0.313161 0.313161
4071.989502 0.000000 2511.216309 0.000000 0.125405 0.000000 -0.992106 0.327274 0.327274 0.327274
4035.329590 0.000000 2520.740723 0.000000 0.120475 0.000000 -0.992716 0.326879 0.326879 0.326879
4059.529297 0.000000 2515.998535 0.000000 0.300520 0.000000 -0.953776 0.322369 0.322369 0.322369
4070.782471 0.000000 2513.322266 0.000000 0.538023 0.000000 -0.842930 0.317836 0.317836 0.317836
4071.319580 0.000000 2510.025146 0.000000 0.674719 0.000000 -0.738074 0.315669 0.315669 0.315669
7153.272949 0.000000 880.890564 0.000000 0.192180 0.000000 -0.981360 0.226813 0.226813 0.226813
7146.678223 0.000000 885.440674 0.000000 0.211603 0.000000 -0.977356 0.317451 0.317451 0.317451
7147.628906 0.000000 887.656738 0.000000 0.330931 0.000000 -0.943655 0.300618 0.300618 0.300618
7156.122559 0.000000 884.930786 0.000000 0.095754 0.000000 -0.995405 0.316093 0.316093 0.316093
7247.870117 0.000000 771.119751 0.000000 0.667551 0.000000 -0.744564 0.261668 0.261668 0.261668
7246.389648 0.000000 772.081299 0.000000 0.159987 0.000000 -0.987119 0.325030 0.325030 0.325030
7261.055664 0.000000 740.310669 0.000000 0.285647 0.000000 -0.958335 0.323892 0.323892 0.323892
7337.322754 0.000000 782.572510 0.000000 0.360253 0.000000 -0.932855 0.218570 0.218570 0.218570
7262.530273 0.000000 814.241333 0.000000 0.537508 0.000000 -0.843259 0.227980 0.227980 0.227980
7270.535645 0.000000 820.289368 0.000000 0.698756 0.000000 -0.715360 0.241227 0.241227 0.241227
7257.681152 0.000000 824.558716 0.000000 0.470563 0.000000 -0.882366 0.232334 0.232334 0.232334
7279.105469 0.000000 850.826965 0.000000 0.199546 0.000000 -0.979888 0.300722 0.300722 0.300722
7309.340332 0.000000 831.008057 0.000000 0.435603 0.000000 -0.900139 0.298913 0.298913 0.298913
7323.877441 0.000000 858.756531 0.000000 0.334039 0.000000 -0.942559 0.323495 0.323495 0.323495
7166.948242 0.000000 905.904114 0.000000 0.482646 0.000000 -0.875816 0.318382 0.318382 0.318382
7160.246582 0.000000 906.606873 0.000000 0.296912 0.000000 -0.954905 0.322341 0.322341 0.322341
6731.941895 0.000000 1510.397827 0.000000 0.550894 0.000000 -0.834575 0.256003 0.256003 0.256003
6755.689941 0.000000 1520.195435 0.000000 0.209748 0.000000 -0.977756 0.237335 0.237335 0.237335
6730.235840 0.000000 1512.277954 0.000000 0.469269 0.000000 -0.883055 0.253331 0.253331 0.253331
6726.562500 0.000000 1512.015747 0.000000 0.139759 0.000000 -0.990185 0.319319 0.319319 0.319319
6740.561035 0.000000 1519.359131 0.000000 0.140032 0.000000 -0.990147 0.327317 0.327317 0.327317
7191.885254 0.000000 929.530090 0.000000 0.697630 0.000000 -0.716458 0.315254 0.315254 0.315254
7187.576660 0.000000 939.201599 0.000000 0.631873 0.000000 -0.775072 0.298497 0.298497 0.298497
7190.404297 0.000000 929.365295 0.000000 0.472038 0.000000 -0.881578 0.320611 0.320611 0.320611
7188.958984 0.000000 929.419739 0.000000 0.533180 0.000000 -0.846002 0.319260 0.319260 0.319260
7449.336426 0.000000 941.748291 0.000000 0.378840 0.000000 -0.925462 0.322579 0.322579 0.322579
7451.559082 0.000000 939.639343 0.000000 0.674967 0.000000 -0.737848 0.315849 0.315849 0.315849
7467.954590 0.000000 983.940430 0.000000 0.471768 0.000000 -0.881723 0.320617 0.320617 0.320617
4831.758301 0.000000 2233.050293 0.000000 0.751592 0.000000 -0.659629 0.204676 0.204676 0.204676
4852.365234 0.000000 2242.156982 0.000000 0.574577 0.000000 -0.818451 0.216681 0.216681 0.216681
4826.364746 0.000000 2228.451904 0.000000 0.030364 0.000000 -0.999539 0.210768 0.210768 0.210768
4863.509766 0.000000 2240.109131 0.000000 0.410586 0.000000 -0.911822 0.321919 0.321919 0.321919
4833.641602 0.000000 2220.969238 0.000000 0.124576 0.000000 -0.992210 0.325665 0.325665 0.325665
4831.330566 0.000000 2235.311768 0.000000 0.122864 0.000000 -0.992424 0.324883 0.324883 0.324883
4831.005371 0.000000 2237.795410 0.000000 0.377145 0.000000 -0.926154 0.322614 0.322614 0.322614
4847.085449 0.000000 2241.718750 0.000000 0.250580 0.000000 -0.968096 0.325163 0.325163 0.325163
4845.814941 0.000000 2239.436768 0.000000 0.208835 0.000000 -0.977951 0.288945 0.288945 0.288945
4847.436035 0.000000 2237.612061 0.000000 0.352326 0.000000 -0.935877 0.323123 0.323123 0.323123
4843.060059 0.000000 2237.024170 0.000000 0.700783 0.000000 -0.713374 0.315170 0.315170 0.315170
4842.440430 0.000000 2219.099609 0.000000 0.043895 0.000000 -0.999036 0.311636 0.311636 0.311636
4851.318359 0.000000 2236.531982 0.000000 0.318660 0.000000 -0.947869 0.323806 0.323806 0.323806
4842.439941 0.000000 2215.114502 0.000000 0.205970 0.000000 -0.978558 0.324251 0.324251 0.324251
4857.993164 0.000000 2239.486572 0.000000 0.262600 0.000000 -0.964905 0.324925 0.324925 0.324925
4859.962402 0.000000 2241.838867 0.000000 0.215191 0.000000 -0.976572 0.325858 0.325858 0.325858
4863.883789 0.000000 2241.630127 0.000000 0.420728 0.000000 -0.907187 0.321706 0.321706 0.321706
4846.671387 0.000000 2236.427246 0.000000 0.557110 0.000000 -0.830438 0.318715 0.318715 0.318715
4862.208984 0.000000 2239.551270 0.000000 0.195428 0.000000 -0.980718 0.326243 0.326243 0.326243
4929.318848 0.000000 2128.810303 0.000000 0.015111 0.000000 -0.999886 0.223212 0.223212 0.223212
4916.003906 0.000000 2149.733887 0.000000 0.042951 0.000000 -0.999077 0.226791 0.226791 0.226791
4912.205566 0.000000 2259.349365 0.000000 0.551740 0.000000 -0.834016 0.212048 0.212048 0.212048
4898.932617 0.000000 2256.967529 0.000000 0.445948 0.000000 -0.895059 0.219068 0.219068 0.219068
4897.947754 0.000000 2252.364258 0.000000 0.682867 0.000000 -0.730542 0.217394 0.217394 0.217394
4897.062500 0.000000 2254.964600 0.000000 0.402403 0.000000 -0.915463 0.284258 0.284258 0.284258
4913.129395 0.000000 2253.296631 0.000000 0.588783 0.000000 -0.808291 0.246317 0.246317 0.246317
4879.799805 0.000000 2245.954346 0.000000 0.377084 0.000000 -0.926179 0.270737 0.270737 0.270737
4892.720215 0.000000 2243.399658 0.000000 0.664760 0.000000 -0.747057 0.315354 0.315354 0.315354
4869.351074 0.000000 2241.016602 0.000000 0.571094 0.000000 -0.820884 0.317742 0.317742 0.317742
4864.525879 0.000000 2240.193604 0.000000 0.459427 0.000000 -0.888216 0.320883 0.320883 0.320883
4890.057129 0.000000 2238.353760 0.000000 0.028830 0.000000 -0.999584 0.329449 0.329449 0.329449
4872.627441 0.000000 2242.915039 0.000000 0.110050 0.000000 -0.993926 0.327894 0.327894 0.327894
4901.374023 0.000000 2208.857178 0.000000 0.557785 0.000000 -0.829986 0.318222 0.318222 0.318222
4427.959473 0.000000 2364.350342 0.000000 0.463661 0.000000 -0.886013 0.226262 0.226262 0.226262
4148.463867 0.000000 2556.878662 0.000000 0.010031 0.000000 -0.999950 0.234063 0.234063 0.234063
4194.111328 0.000000 2573.412109 0.000000 0.718336 0.000000 -0.695697 0.273560 0.273560 0.273560
4434.128418 0.000000 2506.074219 0.000000 0.432015 0.000000 -0.901866 0.320416 0.320416 0.320416
4431.325195 0.000000 2520.321045 0.000000 0.694792 0.000000 -0.719211 0.315029 0.315029 0.315029
4431.824707 0.000000 2508.759277 0.000000 0.504754 0.000000 -0.863263 0.318686 0.318686 0.318686
4429.642090 0.000000 2506.964111 0.000000 0.495385 0.000000 -0.868674 0.297897 0.297897 0.297897
4432.278320 0.000000 2506.031738 0.000000 0.466900 0.000000 -0.884310 0.319747 0.319747 0.319747
4430.035156 0.000000 2511.312256 0.000000 0.789191 0.000000 -0.614148 0.302889 0.302889 0.302889
4434.397949 0.000000 2507.447754 0.000000 0.332082 0.000000 -0.943251 0.322381 0.322381 0.322381
4445.392090 0.000000 2586.470215 0.000000 0.411995 0.000000 -0.911186 0.215067 0.215067 0.215067
4457.656250 0.000000 2581.906738 0.000000 0.098371 0.000000 -0.995150 0.251746 0.251746 0.251746
4439.836426 0.000000 2592.409668 0.000000 0.275741 0.000000 -0.961232 0.220504 0.220504 0.220504
4455.591309 0.000000 2583.632812 0.000000 0.253659 0.000000 -0.967294 0.297318 0.297318 0.297318
4443.698730 0.000000 2588.296143 0.000000 0.121779 0.000000 -0.992557 0.261740 0.261740 0.261740
4443.673340 0.000000 2594.570312 0.000000 0.160599 0.000000 -0.987020 0.298055 0.298055 0.298055
4473.190430 0.000000 2583.903809 0.000000 0.399481 0.000000 -0.916742 0.321152 0.321152 0.321152
4448.293457 0.000000 2590.804443 0.000000 0.203648 0.000000 -0.979044 0.303905 0.303905 0.303905
4548.140625 0.000000 2526.880371 0.000000 0.127872 0.000000 -0.991791 0.318201 0.318201 0.318201
4503.293457 0.000000 2565.361572 0.000000 0.619622 0.000000 -0.784901 0.219259 0.219259 0.219259
4500.832520 0.000000 2554.376465 0.000000 0.020206 0.000000 -0.999796 0.258993 0.258993 0.258993
4503.885254 0.000000 2567.576904 0.000000 0.318025 0.000000 -0.948082 0.321624 0.321624 0.321624
4505.598145 0.000000 2565.428467 0.000000 0.197490 0.000000 -0.980305 0.326152 0.326152 0.326152
4507.849121 0.000000 2568.402588 0.000000 0.415639 0.000000 -0.909530 0.316436 0.316436 0.316436
4492.062012 0.000000 2563.102295 0.000000 0.062259 0.000000 -0.998060 0.303437 0.303437 0.303437
4493.306641 0.000000 2566.348389 0.000000 0.418556 0.000000 -0.908191 0.320686 0.320686 0.320686
4493.642090 0.000000 2563.448486 0.000000 0.807621 0.000000 -0.589701 0.290353 0.290353 0.290353
4506.062500 0.000000 2568.834473 0.000000 0.762553 0.000000 -0.646926 0.309049 0.309049 0.309049
4430.007324 0.000000 2629.171387 0.000000 0.461825 0.000000 -0.886971 0.207243 0.207243 0.207243
4426.329590 0.000000 2622.985840 0.000000 0.511795 0.000000 -0.859108 0.241724 0.241724 0.241724
4457.650879 0.000000 2607.567871 0.000000 0.187738 0.000000 -0.982219 0.266745 0.266745 0.266745
4455.465820 0.000000 2608.166992 0.000000 0.141228 0.000000 -0.989977 0.282112 0.282112 0.282112
4445.096680 0.000000 2598.677490 0.000000 0.787193 0.000000 -0.616707 0.288445 0.288445 0.288445
4426.416504 0.000000 2629.965332 0.000000 0.753348 0.000000 -0.657622 0.303804 0.303804 0.303804
4763.932617 0.000000 2449.097656 0.000000 0.156531 0.000000 -0.987673 0.211458 0.211458 0.211458
4758.628418 0.000000 2458.855225 0.000000 0.535592 0.000000 -0.844477 0.254356 0.254356 0.254356
4769.099609 0.000000 2462.777832 0.000000 0.284954 0.000000 -0.958541 0.224156 0.224156 0.224156
4767.888672 0.000000 2450.372314 0.000000 0.193416 0.000000 -0.981117 0.259660 0.259660 0.259660
4762.062500 0.000000 2455.865723 0.000000 0.750296 0.000000 -0.661102 0.312686 0.312686 0.312686
4923.000977 0.000000 2297.176025 0.000000 0.406209 0.000000 -0.913780 0.283570 0.283570 0.283570
4904.179688 0.000000 2287.559570 0.000000 0.284306 0.000000 -0.958734 0.323342 0.323342 0.323342
4900.749023 0.000000 2268.744385 0.000000 0.068521 0.000000 -0.997650 0.328690 0.328690 0.328690
4906.442383 0.000000 2287.425781 0.000000 0.041808 0.000000 -0.999126 0.305061 0.305061 0.305061
4917.929688 0.000000 2275.445801 0.000000 0.594834 0.000000 -0.803849 0.299840 0.299840 0.299840
4898.375977 0.000000 2275.817627 0.000000 0.169989 0.000000 -0.985446 0.324850 0.324850 0.324850
4893.055664 0.000000 2265.388672 0.000000 0.787721 0.000000 -0.616032 0.311458 0.311458 0.311458
4925.512207 0.000000 2315.885498 0.000000 0.801497 0.000000 -0.597999 0.220124 0.220124 0.220124
4959.328613 0.000000 2366.181152 0.000000 0.466417 0.000000 -0.884565 0.317388 0.317388 0.317388
4934.028809 0.000000 2395.273438 0.000000 0.496961 0.000000 -0.867773 0.266624 0.266624 0.266624
5104.943848 0.000000 2666.354004 0.000000 0.807915 0.000000 -0.589299 0.312036 0.312036 0.312036
5108.078125 0.000000 2671.436279 0.000000 0.801897 0.000000 -0.597462 0.312229 0.312229 0.312229
5095.522949 0.000000 2658.763672 0.000000 0.255227 0.000000 -0.966881 0.325071 0.325071 0.325071
5141.208496 0.000000 2638.160400 0.000000 0.427319 0.000000 -0.904101 0.211269 0.211269 0.211269
5153.448730 0.000000 2621.578125 0.000000 0.568160 0.000000 -0.822918 0.223411 0.223411 0.223411
5177.072754 0.000000 2648.398438 0.000000 0.033162 0.000000 -0.999450 0.257563 0.257563 0.257563
5154.087402 0.000000 2623.336426 0.000000 0.022120 0.000000 -0.999755 0.286934 0.286934 0.286934
5139.070801 0.000000 2641.649170 0.000000 0.214513 0.000000 -0.976721 0.288865 0.288865 0.288865
5145.560059 0.000000 2641.454834 0.000000 0.190697 0.000000 -0.981649 0.326336 0.326336 0.326336
5162.712402 0.000000 2619.499756 0.000000 0.464816 0.000000 -0.885407 0.305371 0.305371 0.305371
5138.536621 0.000000 2651.750977 0.000000 0.161889 0.000000 -0.986809 0.326894 0.326894 0.326894
5154.454102 0.000000 2639.302490 0.000000 0.557420 0.000000 -0.830230 0.318707 0.318707 0.318707
5140.708984 0.000000 2641.846680 0.000000 0.205639 0.000000 -0.978628 0.326044 0.326044 0.326044
5140.561035 0.000000 2649.046631 0.000000 0.630533 0.000000 -0.776162 0.316970 0.316970 0.316970
5176.862793 0.000000 2632.404053 0.000000 0.527828 0.000000 -0.849351 0.319380 0.319380 0.319380
5127.914551 0.000000 2656.602539 0.000000 0.795549 0.000000 -0.605889 0.204534 0.204534 0.204534
5155.991211 0.000000 2670.492188 0.000000 0.555048 0.000000 -0.831818 0.218684 0.218684 0.218684
5152.426758 0.000000 2667.203369 0.000000 0.374551 0.000000 -0.927206 0.248828 0.248828 0.248828
5143.068359 0.000000 2659.276855 0.000000 0.693376 0.000000 -0.720576 0.281941 0.281941 0.281941
5160.688965 0.000000 2679.166016 0.000000 0.680782 0.000000 -0.732487 0.258422 0.258422 0.258422
5161.262207 0.000000 2668.103271 0.000000 0.490521 0.000000 -0.871429 0.279176 0.279176 0.279176
5159.989746 0.000000 2680.669434 0.000000 0.717076 0.000000 -0.696995 0.313978 0.313978 0.313978
5141.555664 0.000000 2658.850586 0.000000 0.327441 0.000000 -0.944872 0.321961 0.321961 0.321961
5162.712402 0.000000 2675.984131 0.000000 0.665511 0.000000 -0.746388 0.308301 0.308301 0.308301
5147.133789 0.000000 2658.295898 0.000000 0.537749 0.000000 -0.843105 0.319044 0.319044 0.319044
5140.029785 0.000000 2658.692383 0.000000 0.670251 0.000000 -0.742135 0.314844 0.314844 0.314844
5222.337891 0.000000 2668.501709 0.000000 0.141120 0.000000 -0.989993 0.242406 0.242406 0.242406
5231.447754 0.000000 2667.451416 0.000000 0.230770 0.000000 -0.973008 0.245321 0.245321 0.245321
5221.463867 0.000000 2662.371094 0.000000 0.764737 0.000000 -0.644343 0.269651 0.269651 0.269651
5239.794922 0.000000 2667.771729 0.000000 0.253373 0.000000 -0.967369 0.275516 0.275516 0.275516
5275.932617 0.000000 2675.035156 0.000000 0.479308 0.000000 -0.877647 0.224275 0.224275 0.224275
5285.508789 0.000000 2670.154053 0.000000 0.663073 0.000000 -0.748555 0.316155 0.316155 0.316155
5434.368164 0.000000 2650.207275 0.000000 0.653837 0.000000 -0.756636 0.205977 0.205977 0.205977
5427.213867 0.000000 2644.538574 0.000000 0.762539 0.000000 -0.646943 0.214108 0.214108 0.214108
5431.060547 0.000000 2639.880859 0.000000 0.741088 0.000000 -0.671407 0.221502 0.221502 0.221502
5426.798340 0.000000 2634.962402 0.000000 0.719426 0.000000 -0.694569 0.250564 0.250564 0.250564
5435.305664 0.000000 2648.060303 0.000000 0.013891 0.000000 -0.999904 0.278541 0.278541 0.278541
5433.072754 0.000000 2648.398438 0.000000 0.115612 0.000000 -0.993294 0.300675 0.300675 0.300675
5480.974609 0.000000 2666.287109 0.000000 0.032336 0.000000 -0.999477 0.225610 0.225610 0.225610
5478.385742 0.000000 2671.610596 0.000000 0.367352 0.000000 -0.930082 0.240804 0.240804 0.240804
5502.419434 0.000000 2753.397217 0.000000 0.789117 0.000000 -0.614243 0.216740 0.216740 0.216740
5455.130859 0.000000 2807.106201 0.000000 0.475508 0.000000 -0.879712 0.207194 0.207194 0.207194
5465.621582 0.000000 2815.609131 0.000000 0.279524 0.000000 -0.960139 0.231055 0.231055 0.231055
5454.401855 0.000000 2809.430176 0.000000 0.796535 0.000000 -0.604592 0.240952 0.240952 0.240952
5511.979980 0.000000 2753.385254 0.000000 0.710532 0.000000 -0.703665 0.206359 0.206359 0.206359
5505.118652 0.000000 2755.980225 0.000000 0.439022 0.000000 -0.898476 0.243769 0.243769 0.243769
5536.607910 0.000000 2750.340576 0.000000 0.723231 0.000000 -0.690607 0.248097 0.248097 0.248097
5549.836426 0.000000 2763.882812 0.000000 0.796033 0.000000 -0.605254 0.257650 0.257650 0.257650
5537.987305 0.000000 2748.863770 0.000000 0.259320 0.000000 -0.965791 0.273527 0.273527 0.273527
5564.832520 0.000000 2800.056152 0.000000 0.711098 0.000000 -0.703093 0.219473 0.219473 0.219473
5478.686523 0.000000 2824.524414 0.000000 0.028387 0.000000 -0.999597 0.273153 0.273153 0.273153
5478.824707 0.000000 2829.456543 0.000000 0.270213 0.000000 -0.962801 0.239273 0.239273 0.239273
5477.463867 0.000000 2831.824219 0.000000 0.765725 0.000000 -0.643169 0.257011 0.257011 0.257011
5494.180664 0.000000 2904.553223 0.000000 0.325322 0.000000 -0.945603 0.303914 0.303914 0.303914
5494.848633 0.000000 2903.215820 0.000000 0.719598 0.000000 -0.694391 0.314430 0.314430 0.314430
5507.385254 0.000000 2862.653320 0.000000 0.644582 0.000000 -0.764535 0.263246 0.263246 0.263246
5572.047852 0.000000 2832.568848 0.000000 0.118029 0.000000 -0.993010 0.224915 0.224915 0.224915
5507.049316 0.000000 2892.973877 0.000000 0.092246 0.000000 -0.995736 0.316150 0.316150 0.316150
"}
