object={
	name="env_geyser_large_obj"
	clamp_to_water_level=no
	render_under_water=yes
	generated_content=no
	layer="environmental_effects"
	entity="env_geyser_large"
	count=4
	transform="7743.207031 0.000000 2897.591309 0.000000 0.000000 0.000000 1.000000 1.000000 1.000000 1.000000
3650.886963 0.000000 3226.195557 0.000000 0.000000 0.000000 1.000000 1.159969 1.159969 1.159969
3607.281250 0.000000 3245.046143 0.000000 0.000000 0.000000 1.000000 0.485625 0.485625 0.485625
3749.367432 0.000000 3247.259033 0.000000 0.000000 0.000000 1.000000 1.809839 1.809839 1.809839
"}
object={
	name="env_geyser_medium_obj"
	clamp_to_water_level=no
	render_under_water=yes
	generated_content=no
	layer="environmental_effects"
	entity="env_geyser_medium"
	count=2
	transform="7747.733887 0.000000 2896.963867 0.000000 0.000000 0.000000 1.000000 1.000000 1.000000 1.000000
7749.055664 0.000000 2896.044678 0.000000 0.000000 0.000000 1.000000 1.000000 1.000000 1.000000
"}
object={
	name="env_geyser_small_obj"
	clamp_to_water_level=no
	render_under_water=yes
	generated_content=no
	layer="environmental_effects"
	entity="env_geyser_small"
	count=2
	transform="7751.267578 0.000000 2894.211426 0.000000 0.000000 0.000000 1.000000 1.000000 1.000000 1.000000
7749.095215 0.000000 2895.119385 0.000000 0.000000 0.000000 1.000000 1.000000 1.000000 1.000000
"}
object={
	name="env_godrays"
	clamp_to_water_level=no
	render_under_water=no
	generated_content=no
	layer="environmental_effects"
	entity="env_god_rays"
	count=25
	transform="7212.588379 36.101562 2371.140625 0.000000 0.000000 0.000000 1.000000 1.000000 1.000000 1.000000
4959.541504 36.101562 2964.625000 0.000000 0.000000 0.000000 1.000000 1.000000 1.000000 1.000000
5415.612793 36.101562 3063.314941 0.000000 0.000000 0.000000 1.000000 1.198462 1.198462 1.198462
5489.316895 36.101562 3338.544922 0.000000 -0.040446 0.000000 -0.999182 1.385336 1.385336 1.385336
4691.146973 43.478271 1504.029785 0.000000 -0.160617 0.000000 0.987017 1.000000 1.000000 1.000000
4415.154785 43.478271 1535.136230 0.000000 -0.160617 0.000000 0.987017 1.000000 1.000000 1.000000
4563.385742 43.478271 1499.405518 0.000000 0.000000 0.000000 1.000000 1.000000 1.000000 1.000000
6833.597656 36.101562 2058.996094 0.000000 0.000000 0.000000 1.000000 0.702075 0.702075 0.702075
6823.917969 36.101562 2268.713867 0.000000 -0.264220 0.000000 0.964462 1.000000 1.000000 1.000000
6515.144531 36.101562 2174.102539 0.000000 0.670123 0.000000 0.742250 1.000000 1.000000 1.000000
4545.772461 36.101562 2695.238281 0.000000 0.000000 0.000000 1.000000 1.000000 1.000000 1.000000
4893.861816 36.101562 2263.521973 0.000000 0.000000 0.000000 1.000000 1.000000 1.000000 1.000000
4887.961914 36.101562 2413.690918 0.000000 0.000000 0.000000 1.000000 1.000000 1.000000 1.000000
4744.227051 36.101562 2504.487305 0.000000 -0.132180 0.000000 0.991226 1.000000 1.000000 1.000000
7413.534180 36.101562 485.704956 0.000000 0.047163 0.000000 0.998887 1.000000 1.000000 1.000000
7422.235840 36.101562 656.179382 0.000000 0.000000 0.000000 1.000000 1.000000 1.000000 1.000000
7146.366699 36.101562 950.173767 0.000000 -0.119889 0.000000 0.992787 1.000000 1.000000 1.000000
7705.825684 36.101562 2996.692871 0.000000 0.000000 0.000000 1.000000 1.000000 1.000000 1.000000
7659.029297 36.101562 2939.038086 0.000000 0.000000 0.000000 1.000000 1.000000 1.000000 1.000000
3673.395020 36.101562 3253.061035 0.000000 0.000000 0.000000 1.000000 1.000000 1.000000 1.000000
4317.284668 73.942871 2682.843262 0.000000 0.000000 0.000000 1.000000 1.000000 1.000000 1.000000
4324.505859 10.386475 2613.339600 0.000000 0.000000 0.000000 1.000000 1.000000 1.000000 1.000000
2612.171387 50.096558 1282.889893 0.000000 0.000000 0.000000 1.000000 1.000000 1.000000 1.000000
2850.032715 114.641602 1008.303284 0.000000 0.000000 0.000000 1.000000 1.000000 1.000000 1.000000
2944.644531 61.372070 1515.425537 0.000000 0.000000 0.000000 1.000000 1.000000 1.000000 1.000000
"}
object={
	name="env_jungle_mist_l"
	clamp_to_water_level=no
	render_under_water=no
	generated_content=no
	layer="environmental_effects"
	entity="env_jungle_mist_l"
	count=28
	transform="4559.360352 -0.348877 1598.071899 0.000000 0.001343 0.000000 0.999999 1.131339 1.131339 1.131339
4621.517578 0.000000 1594.953735 0.000000 0.000000 0.000000 1.000000 0.739014 0.739014 0.739014
4700.870605 0.000000 1513.968628 0.000000 0.000000 0.000000 1.000000 1.000000 1.000000 1.000000
6129.888184 0.000000 2068.680420 0.000000 0.000000 0.000000 1.000000 1.000000 1.000000 1.000000
6178.829102 0.000000 2081.777588 0.000000 0.000000 0.000000 1.000000 1.000000 1.000000 1.000000
2602.037354 0.000000 1336.354736 0.000000 0.000000 0.000000 1.000000 1.000000 1.000000 1.000000
2518.944580 0.000000 1489.696167 0.000000 0.000000 0.000000 1.000000 1.000000 1.000000 1.000000
2492.513184 0.000000 1241.043579 0.000000 0.000000 0.000000 1.000000 1.000000 1.000000 1.000000
2874.723145 0.000000 1425.910522 0.000000 0.000000 0.000000 1.000000 1.000000 1.000000 1.000000
2759.059570 0.000000 1476.220581 0.000000 0.000000 0.000000 1.000000 1.000000 1.000000 1.000000
5214.020996 0.000000 1190.097046 0.000000 0.952779 0.000000 -0.303665 1.000000 1.000000 1.000000
4467.546387 0.000000 1437.435547 0.000000 0.000000 0.000000 1.000000 1.000000 1.000000 1.000000
4579.901367 0.000000 1335.249512 0.000000 0.000000 0.000000 1.000000 1.000000 1.000000 1.000000
4439.595215 0.000000 1590.872314 0.000000 0.000000 0.000000 1.000000 1.000000 1.000000 1.000000
4695.315918 22.521606 1414.638672 0.000000 0.000000 0.000000 1.000000 1.000000 1.000000 1.000000
4370.578125 0.000000 1456.705933 0.000000 0.000000 0.000000 1.000000 1.000000 1.000000 1.000000
4568.470703 0.000000 1236.622192 0.000000 0.000000 0.000000 1.000000 1.000000 1.000000 1.000000
2783.389160 0.000000 1258.991089 0.000000 0.000000 0.000000 1.000000 1.000000 1.000000 1.000000
2691.849609 0.000000 1092.019043 0.000000 0.000000 0.000000 1.000000 1.000000 1.000000 1.000000
2922.479736 0.000000 1081.849976 0.000000 0.000000 0.000000 1.000000 1.000000 1.000000 1.000000
2691.131592 0.000000 909.103394 0.000000 0.000000 0.000000 1.000000 1.000000 1.000000 1.000000
2810.447998 0.000000 991.809204 0.000000 0.000000 0.000000 1.000000 1.000000 1.000000 1.000000
2698.770996 0.000000 653.349548 0.000000 0.000000 0.000000 1.000000 1.000000 1.000000 1.000000
3068.885742 0.000000 1123.683960 0.000000 0.000000 0.000000 1.000000 1.000000 1.000000 1.000000
3092.964600 0.000000 1299.057373 0.000000 0.000000 0.000000 1.000000 1.000000 1.000000 1.000000
2934.319824 0.000000 918.939209 0.000000 0.000000 0.000000 1.000000 1.000000 1.000000 1.000000
2950.949219 0.000000 1306.092529 0.000000 0.000000 0.000000 1.000000 1.000000 1.000000 1.000000
2744.974609 0.000000 1592.594360 0.000000 0.000000 0.000000 1.000000 1.000000 1.000000 1.000000
"}
object={
	name="env_jungle_mist_s"
	clamp_to_water_level=no
	render_under_water=no
	generated_content=no
	layer="environmental_effects"
	entity="env_jungle_mist_s"
	count=36
	transform="7005.363770 0.000000 2423.558105 0.000000 0.000000 0.000000 1.000000 1.000000 1.000000 1.000000
5894.724609 0.000000 2221.633545 0.000000 0.000000 0.000000 1.000000 1.000000 1.000000 1.000000
4533.891602 1.031250 1501.681396 0.000000 0.000000 0.000000 1.000000 0.674097 0.674097 0.674097
4611.402344 -0.071411 1471.852173 0.000000 0.012573 0.000000 0.999921 0.743481 0.743481 0.743481
4576.841309 -0.349487 1507.020020 0.000000 0.000000 0.000000 1.000000 1.000000 1.000000 1.000000
4551.421387 0.250122 1502.154907 0.000000 0.000000 0.000000 1.000000 1.000000 1.000000 1.000000
4570.572754 -0.177002 1468.452026 0.000000 0.000000 0.000000 1.000000 1.000000 1.000000 1.000000
4659.207031 0.000000 1459.166016 0.000000 0.000000 0.000000 1.000000 0.855676 0.855676 0.855676
4600.405762 -0.379272 1508.512451 0.000000 0.000000 0.000000 1.000000 1.000000 1.000000 1.000000
4731.995117 -0.354492 1467.800171 0.000000 0.000000 0.000000 1.000000 1.000000 1.000000 1.000000
4699.950195 0.000000 1471.837158 0.000000 0.000000 0.000000 1.000000 1.000000 1.000000 1.000000
4617.055664 -0.418945 1441.680298 0.000000 0.000000 0.000000 1.000000 1.000000 1.000000 1.000000
4367.455078 0.000000 1554.766846 0.000000 -0.011719 0.000000 0.999931 0.683423 0.683423 0.683423
4398.523926 0.000000 1506.057983 0.000000 -0.011719 0.000000 0.999931 0.683423 0.683423 0.683423
4455.486816 0.000000 1525.198120 0.000000 -0.011719 0.000000 0.999931 0.683423 0.683423 0.683423
4465.151855 0.000000 1500.855347 0.000000 -0.011719 0.000000 0.999931 0.683423 0.683423 0.683423
4501.559570 0.000000 1417.452759 0.000000 -0.011719 0.000000 0.999931 1.000000 1.000000 1.000000
4524.729004 0.000000 1416.641968 0.000000 -0.011719 0.000000 0.999931 1.000000 1.000000 1.000000
4535.196777 0.000000 1462.874146 0.000000 -0.011719 0.000000 0.999931 0.726196 0.726196 0.726196
4706.275391 0.000000 1569.150513 0.000000 -0.024778 0.000000 0.999693 0.735632 0.735632 0.735632
4663.654785 0.000000 1620.580933 0.000000 -0.024778 0.000000 0.999693 0.735632 0.735632 0.735632
4656.368652 0.000000 1588.995361 0.000000 -0.024778 0.000000 0.999693 0.735632 0.735632 0.735632
4707.828125 -0.354004 1540.228271 0.000000 0.000000 0.000000 1.000000 1.000000 1.000000 1.000000
2439.479004 0.000000 1442.520752 0.000000 0.000000 0.000000 1.000000 1.000000 1.000000 1.000000
2420.261963 0.707886 1240.245972 0.000000 -0.748579 0.000000 0.663045 0.568262 0.568262 0.568262
2423.645996 1.305908 1222.562500 0.000000 -0.748579 0.000000 0.663045 0.568262 0.568262 0.568262
4345.853516 0.000000 1640.717163 0.000000 0.000000 0.000000 1.000000 1.000000 1.000000 1.000000
4673.229004 0.000000 1300.504639 0.000000 0.000000 0.000000 1.000000 1.000000 1.000000 1.000000
4698.462891 0.000000 1331.420166 0.000000 0.000000 0.000000 1.000000 1.000000 1.000000 1.000000
4812.497070 0.000000 1498.724243 0.000000 0.000000 0.000000 1.000000 1.000000 1.000000 1.000000
4830.009766 0.000000 1570.201660 0.000000 0.000000 0.000000 1.000000 1.000000 1.000000 1.000000
4783.231934 0.000000 1584.250732 0.000000 0.000000 0.000000 1.000000 1.000000 1.000000 1.000000
4434.821289 0.000000 1697.790649 0.000000 0.000000 0.000000 1.000000 1.000000 1.000000 1.000000
4522.982422 0.000000 1376.918213 0.000000 0.000000 0.000000 1.000000 1.000000 1.000000 1.000000
4722.829102 0.000000 1662.917969 0.000000 0.000000 0.000000 1.000000 1.000000 1.000000 1.000000
4769.933594 0.000000 1639.765991 0.000000 0.000000 0.000000 1.000000 1.000000 1.000000 1.000000
"}
object={
	name="env_rolling_clouds"
	clamp_to_water_level=yes
	render_under_water=no
	generated_content=no
	layer="environmental_effects"
	entity="env_mist"
	count=93
	transform="4147.917480 0.000000 2815.746582 0.000000 -0.170128 0.000000 0.985422 1.000000 1.000000 1.000000
3975.837646 0.000000 2816.858398 0.000000 -0.119041 0.000000 0.992889 1.000000 1.000000 1.000000
4137.560059 16.439697 3487.953125 0.000000 0.255211 0.000000 -0.966885 8.920312 8.920312 8.920312
3625.876953 16.439697 2519.904785 0.000000 0.221901 0.000000 -0.975069 13.175723 13.175723 13.175723
2481.546387 -0.815186 2599.844727 0.000000 -0.369167 0.000000 0.929363 0.382324 0.382324 0.382324
4097.882324 0.000000 2543.506348 0.000000 0.309993 0.000000 0.950739 1.000000 1.000000 1.000000
7028.332031 0.000000 2517.535889 0.000000 0.000000 0.000000 1.000000 1.000000 1.000000 1.000000
7249.182617 0.000000 2696.635986 0.000000 0.051369 0.000000 0.998680 1.000000 1.000000 1.000000
7165.928711 0.000000 2820.026611 0.000000 0.000000 0.000000 1.000000 1.000000 1.000000 1.000000
6884.402344 0.000000 2775.984131 0.000000 0.000000 0.000000 1.000000 1.000000 1.000000 1.000000
4485.727539 0.000000 3278.814209 0.000000 0.243422 0.000000 0.969920 1.000000 1.000000 1.000000
4445.968262 0.000000 3230.801514 0.000000 0.294575 0.000000 0.955628 1.000000 1.000000 1.000000
4418.978027 0.000000 3202.593262 0.000000 0.421187 0.000000 0.906974 1.000000 1.000000 1.000000
4373.213867 0.000000 3126.572021 0.000000 0.421187 0.000000 0.906974 1.000000 1.000000 1.000000
4389.610352 0.000000 3152.585693 0.000000 0.421187 0.000000 0.906974 1.000000 1.000000 1.000000
7172.824219 0.000000 2336.768066 0.000000 0.138047 0.000000 0.990426 1.000000 1.000000 1.000000
4690.291504 0.000000 3023.426025 0.000000 0.079993 0.000000 0.996795 1.000000 1.000000 1.000000
4774.197266 0.000000 3074.760986 0.000000 0.129276 0.000000 0.991609 1.000000 1.000000 1.000000
4907.736328 0.000000 2937.169189 0.000000 0.010498 0.000000 0.999945 1.000000 1.000000 1.000000
4920.313477 0.000000 3110.513184 0.000000 0.001648 0.000000 0.999999 1.000000 1.000000 1.000000
4774.696289 0.000000 2811.338867 0.000000 0.018004 0.000000 0.999838 1.000000 1.000000 1.000000
4940.626953 0.000000 2740.591797 0.000000 0.028256 0.000000 0.999601 1.000000 1.000000 1.000000
5448.007324 0.000000 3161.930420 0.000000 0.000000 0.000000 1.000000 1.000000 1.000000 1.000000
5540.881836 0.000000 3331.289062 0.000000 0.000000 0.000000 1.000000 1.000000 1.000000 1.000000
5488.712891 0.000000 3253.768311 0.000000 0.000000 0.000000 1.000000 1.000000 1.000000 1.000000
5446.403809 0.000000 2987.671875 0.000000 0.000000 0.000000 1.000000 1.000000 1.000000 1.000000
5463.937012 0.000000 3215.892090 0.000000 0.000000 0.000000 1.000000 1.000000 1.000000 1.000000
6755.994629 0.000000 2136.803711 0.000000 0.000000 0.000000 1.000000 1.502783 1.502783 1.502783
6794.608398 0.000000 2186.058105 0.000000 0.000000 0.000000 1.000000 1.093262 1.093262 1.093262
6855.672363 0.000000 2190.056396 0.000000 0.000000 0.000000 1.000000 1.000000 1.000000 1.000000
6820.650879 0.000000 2157.798340 0.000000 0.000000 0.000000 1.000000 1.000000 1.000000 1.000000
6808.503906 0.000000 2118.134766 0.000000 0.000000 0.000000 1.000000 1.000000 1.000000 1.000000
6654.564941 0.000000 2079.226074 0.000000 0.000000 0.000000 1.000000 1.000000 1.000000 1.000000
6631.137695 0.000000 2096.805420 0.000000 0.000000 0.000000 1.000000 1.000000 1.000000 1.000000
6487.443359 0.000000 2111.277344 0.000000 0.000000 0.000000 1.000000 1.000000 1.000000 1.000000
6541.173340 0.000000 2097.138184 0.000000 0.000000 0.000000 1.000000 1.000000 1.000000 1.000000
6546.203125 0.000000 2171.901123 0.000000 0.000000 0.000000 1.000000 1.386572 1.386572 1.386572
6519.114746 0.000000 2116.508789 0.000000 0.000000 0.000000 1.000000 1.000000 1.000000 1.000000
6108.116699 0.000000 2025.797607 0.000000 0.000000 0.000000 1.000000 1.000000 1.000000 1.000000
5723.852539 0.000000 2217.981934 0.000000 0.000000 0.000000 1.000000 1.000000 1.000000 1.000000
5803.422852 0.000000 2249.197754 0.000000 0.000000 0.000000 1.000000 1.000000 1.000000 1.000000
5958.178223 0.000000 1911.767822 0.000000 0.000000 0.000000 1.000000 1.000000 1.000000 1.000000
6084.574707 0.000000 2177.091309 0.000000 0.000000 0.000000 1.000000 1.000000 1.000000 1.000000
5932.258789 0.000000 2238.503174 0.000000 0.000000 0.000000 1.000000 1.000000 1.000000 1.000000
5806.539551 0.000000 2328.301514 0.000000 0.000000 0.000000 1.000000 1.000000 1.000000 1.000000
4657.539062 0.000000 2647.334473 0.000000 -0.336790 0.000000 0.941580 1.000000 1.000000 1.000000
4641.970703 0.000000 2781.744385 0.000000 0.000000 0.000000 1.000000 1.000000 1.000000 1.000000
4709.725586 0.000000 2845.362793 0.000000 0.000000 0.000000 1.000000 1.000000 1.000000 1.000000
4723.971680 0.000000 2738.825928 0.000000 0.000000 0.000000 1.000000 1.000000 1.000000 1.000000
4530.823242 0.000000 2641.409424 0.000000 0.000000 0.000000 1.000000 1.000000 1.000000 1.000000
4591.650391 0.000000 2699.494385 0.000000 0.000000 0.000000 1.000000 1.000000 1.000000 1.000000
6737.992188 0.000000 2318.199951 0.000000 0.000000 0.000000 1.000000 1.000000 1.000000 1.000000
6708.406250 0.000000 2407.022705 0.000000 0.000000 0.000000 1.000000 1.000000 1.000000 1.000000
6528.125488 0.000000 1816.218750 0.000000 0.000000 0.000000 1.000000 1.000000 1.000000 1.000000
6384.013184 0.000000 1876.068726 0.000000 0.000000 0.000000 1.000000 1.000000 1.000000 1.000000
6447.323242 0.000000 2015.064453 0.000000 0.000000 0.000000 1.000000 1.000000 1.000000 1.000000
6366.136230 0.000000 2075.225098 0.000000 0.000000 0.000000 1.000000 1.000000 1.000000 1.000000
6429.962891 0.000000 2116.571533 0.000000 0.000000 0.000000 1.000000 1.000000 1.000000 1.000000
6348.763672 0.000000 1983.864746 0.000000 0.000000 0.000000 1.000000 1.000000 1.000000 1.000000
6448.322266 0.000000 1943.602539 0.000000 0.000000 0.000000 1.000000 1.000000 1.000000 1.000000
2158.765381 -2.848877 2333.724609 0.000000 -0.338916 0.000000 0.940817 0.499683 0.499683 0.499683
2272.979492 -1.846191 2426.010254 0.000000 -0.380371 0.000000 0.924834 0.499683 0.499683 0.499683
2225.657227 -1.846191 2371.825439 0.000000 -0.380371 0.000000 0.924834 0.499683 0.499683 0.499683
6249.081543 0.000000 3290.576172 0.000000 0.000000 0.000000 1.000000 1.000000 1.000000 1.000000
6219.123535 0.000000 3318.760986 0.000000 0.000000 0.000000 1.000000 1.000000 1.000000 1.000000
6253.647461 0.000000 3368.272705 0.000000 0.000000 0.000000 1.000000 1.000000 1.000000 1.000000
6304.053711 0.000000 3411.076660 0.000000 0.000000 0.000000 1.000000 1.000000 1.000000 1.000000
6157.170410 0.000000 3423.779297 0.000000 0.000000 0.000000 1.000000 1.000000 1.000000 1.000000
6422.443848 0.000000 3456.861328 0.000000 0.000000 0.000000 1.000000 1.000000 1.000000 1.000000
6581.271973 0.000000 3484.733398 0.000000 0.000000 0.000000 1.000000 1.000000 1.000000 1.000000
6188.614746 0.000000 3256.963623 0.000000 0.000000 0.000000 1.000000 1.000000 1.000000 1.000000
6494.349609 0.000000 3331.664307 0.000000 0.000000 0.000000 1.000000 1.000000 1.000000 1.000000
6410.525391 0.000000 3267.639404 0.000000 0.000000 0.000000 1.000000 1.000000 1.000000 1.000000
6470.971191 0.000000 3123.104980 0.000000 0.000000 0.000000 1.000000 1.000000 1.000000 1.000000
6107.143066 0.000000 3386.753662 0.000000 0.000000 0.000000 1.000000 1.000000 1.000000 1.000000
4594.700684 0.000000 2451.692139 0.000000 -0.284878 0.000000 0.958564 1.000000 1.000000 1.000000
7747.973633 0.000000 2898.011475 0.000000 0.134600 0.000000 0.990900 0.328833 0.328833 0.328833
7670.849609 0.000000 2844.557617 0.000000 0.240301 0.000000 0.970699 0.679154 0.679154 0.679154
7668.101562 -0.550049 2888.913086 0.000000 -0.069220 0.000000 0.997602 0.679154 0.679154 0.679154
7694.385742 0.000000 2947.891357 0.000000 0.211226 0.000000 0.977437 0.679154 0.679154 0.679154
8094.823242 0.000000 571.353210 0.000000 0.000000 0.000000 1.000000 1.000000 1.000000 1.000000
3592.523438 0.000000 3281.455566 0.000000 0.000000 0.000000 1.000000 1.000000 1.000000 1.000000
3747.686768 0.000000 3279.634033 0.000000 0.000000 0.000000 1.000000 1.000000 1.000000 1.000000
7055.701172 1.510498 2990.507568 0.000000 0.142458 0.000000 0.989801 1.000000 1.000000 1.000000
7025.904785 0.000000 2933.981934 0.000000 0.966514 0.000000 0.256614 1.000000 1.000000 1.000000
7116.074219 0.000000 2904.795654 0.000000 0.000000 0.000000 1.000000 1.000000 1.000000 1.000000
7353.556641 14.718506 3187.514648 0.000000 0.996198 0.000000 -0.087113 1.000000 1.000000 1.000000
7589.744141 0.000000 3171.895020 0.000000 0.783949 0.000000 0.620826 1.000000 1.000000 1.000000
7065.234863 0.000000 3218.306152 0.000000 0.783949 0.000000 0.620826 1.000000 1.000000 1.000000
6842.146973 0.000000 3310.228516 0.000000 -0.404510 0.000000 0.914534 1.000000 1.000000 1.000000
6589.992676 -0.044434 2922.581299 0.000000 -0.587915 0.000000 0.808923 1.000000 1.000000 1.000000
6871.138184 0.000000 3152.913574 0.000000 0.000000 0.000000 1.000000 1.000000 1.000000 1.000000
6711.622070 0.000000 3226.118164 0.000000 0.000000 0.000000 1.000000 1.000000 1.000000 1.000000
"}
object={
	name="env_rolling_fog_mountain"
	clamp_to_water_level=no
	render_under_water=no
	generated_content=no
	layer="environmental_effects"
	entity="env_rolling_fog_mountain"
	count=82
	transform="4130.893066 0.000000 2543.982910 0.000000 -0.560174 0.000000 -0.828375 1.000000 1.000000 1.000000
4094.882568 0.000000 2544.978760 0.000000 0.405542 0.000000 0.914076 1.000000 1.000000 1.000000
7004.679688 0.000000 2365.784668 0.000000 0.000000 0.000000 1.000000 1.000000 1.000000 1.000000
6936.780273 0.000000 2512.394287 0.000000 0.000000 0.000000 1.000000 1.000000 1.000000 1.000000
7231.823242 0.000000 2662.712891 0.000000 0.000000 0.000000 1.000000 1.000000 1.000000 1.000000
7166.016113 0.000000 2589.823730 0.000000 0.000000 0.000000 1.000000 1.000000 1.000000 1.000000
7207.125977 0.000000 2638.207764 0.000000 0.000000 0.000000 1.000000 1.000000 1.000000 1.000000
7157.361328 0.000000 2758.244629 0.000000 0.000000 0.000000 1.000000 1.000000 1.000000 1.000000
6854.150879 0.000000 2715.670898 0.000000 0.000000 0.000000 1.000000 1.000000 1.000000 1.000000
6092.187012 0.000000 2175.530029 0.000000 0.000000 0.000000 1.000000 1.000000 1.000000 1.000000
6106.252441 0.000000 2183.584961 0.000000 0.000000 0.000000 1.000000 1.000000 1.000000 1.000000
6071.268555 0.000000 2179.411133 0.000000 0.000000 0.000000 1.000000 1.000000 1.000000 1.000000
5931.214844 0.000000 2204.081055 0.000000 0.000000 0.000000 1.000000 1.000000 1.000000 1.000000
5818.243164 0.000000 2322.687988 0.000000 0.000000 0.000000 1.000000 1.000000 1.000000 1.000000
4271.786133 0.000000 3077.779785 0.000000 0.000000 0.000000 1.000000 1.000000 1.000000 1.000000
4291.734863 0.000000 3114.748047 0.000000 0.000000 0.000000 1.000000 1.000000 1.000000 1.000000
4357.220703 0.000000 3162.276855 0.000000 0.000000 0.000000 1.000000 1.000000 1.000000 1.000000
4281.809570 0.000000 3072.459229 0.000000 0.000000 0.000000 1.000000 1.000000 1.000000 1.000000
4309.333008 0.000000 3105.771484 0.000000 0.239412 0.000000 0.970918 1.000000 1.000000 1.000000
4299.390625 0.000000 3137.650879 0.000000 0.036787 0.000000 -0.999323 1.000000 1.000000 1.000000
4318.966309 0.000000 3127.571045 0.000000 0.229622 0.000000 0.973280 1.000000 1.000000 1.000000
4335.732422 0.000000 3111.024902 0.000000 0.353859 0.000000 0.935299 1.000000 1.000000 1.000000
4345.468262 0.000000 3154.465820 0.000000 0.912400 0.000000 0.409301 1.000000 1.000000 1.000000
7132.869629 0.000000 2339.757812 0.000000 0.254671 0.000000 0.967028 1.000000 1.000000 1.000000
7247.701660 0.000000 2352.656250 0.000000 0.300112 0.000000 0.953904 1.000000 1.000000 1.000000
7280.951172 0.000000 2400.814941 0.000000 0.000000 0.000000 1.000000 1.000000 1.000000 1.000000
7084.413086 0.000000 2291.174316 0.000000 0.352318 0.000000 0.935880 1.000000 1.000000 1.000000
7352.341309 0.000000 2568.981934 0.000000 0.454438 0.000000 0.890779 1.000000 1.000000 1.000000
4861.419434 0.000000 2618.773926 0.000000 0.000000 0.000000 1.000000 1.000000 1.000000 1.000000
4781.962891 0.000000 2674.981689 0.000000 0.000000 0.000000 1.000000 1.000000 1.000000 1.000000
4814.560059 0.000000 2753.901855 0.000000 0.020995 0.000000 0.999780 1.000000 1.000000 1.000000
4725.686035 0.000000 2938.920166 0.000000 0.000000 0.000000 1.000000 1.000000 1.000000 1.000000
4783.918457 0.000000 3007.186035 0.000000 0.055879 0.000000 0.998438 1.000000 1.000000 1.000000
4896.994141 0.000000 2863.113037 0.000000 0.118374 0.000000 0.992969 1.000000 1.000000 1.000000
4615.045410 0.000000 2972.812012 0.000000 0.148557 0.000000 0.988904 1.399341 1.399341 1.399341
5447.580078 9.198975 3220.442383 0.000000 0.000000 0.000000 1.000000 1.000000 1.000000 1.000000
5441.585449 0.000000 3111.774658 0.000000 0.000000 0.000000 1.000000 1.000000 1.000000 1.000000
5434.979004 0.000000 2941.432129 0.000000 0.000000 0.000000 1.000000 1.000000 1.000000 1.000000
4756.195312 -0.862061 1494.973145 0.000000 0.963127 0.000000 -0.269048 1.022888 1.022888 1.022888
4760.571289 -0.862061 1507.018555 0.000000 0.963127 0.000000 -0.269048 1.022888 1.022888 1.022888
6850.764648 0.000000 2053.446289 0.000000 0.000000 0.000000 1.000000 1.000000 1.000000 1.000000
6850.034180 0.000000 2068.049316 0.000000 0.000000 0.000000 1.000000 1.000000 1.000000 1.000000
6034.563965 0.000000 2193.612793 0.000000 0.000000 0.000000 1.000000 1.000000 1.000000 1.000000
6089.606445 0.000000 2170.242920 0.000000 0.000000 0.000000 1.000000 1.000000 1.000000 1.000000
6096.912598 0.000000 2178.241455 0.000000 0.000000 0.000000 1.000000 1.000000 1.000000 1.000000
6160.047852 0.000000 2179.136230 0.000000 0.000000 0.000000 1.000000 1.000000 1.000000 1.000000
6242.129883 0.000000 2183.760742 0.000000 0.000000 0.000000 1.000000 1.000000 1.000000 1.000000
6053.844238 0.000000 2181.575684 0.000000 0.000000 0.000000 1.000000 1.000000 1.000000 1.000000
6007.869629 0.000000 2185.301025 0.000000 0.000000 0.000000 1.000000 1.000000 1.000000 1.000000
4663.066895 0.000000 2694.485352 0.000000 0.000000 0.000000 1.000000 1.000000 1.000000 1.000000
4649.916016 0.000000 2705.169922 0.000000 0.000000 0.000000 1.000000 1.000000 1.000000 1.000000
4615.949219 0.000000 2721.342529 0.000000 0.000000 0.000000 1.000000 1.000000 1.000000 1.000000
4717.309082 0.000000 2553.881836 0.000000 0.000000 0.000000 1.000000 1.000000 1.000000 1.000000
4613.021973 0.000000 2545.481201 0.000000 0.000000 0.000000 1.000000 1.000000 1.000000 1.000000
6563.182129 0.000000 1792.996094 0.000000 0.000000 0.000000 1.000000 1.000000 1.000000 1.000000
6572.797363 0.000000 1819.035400 0.000000 0.000000 0.000000 1.000000 1.000000 1.000000 1.000000
6424.935059 0.000000 1808.958618 0.000000 0.000000 0.000000 1.000000 1.000000 1.000000 1.000000
6358.106934 0.000000 1809.627319 0.000000 0.000000 0.000000 1.000000 1.000000 1.000000 1.000000
6347.216309 0.000000 1867.722900 0.000000 0.000000 0.000000 1.000000 1.000000 1.000000 1.000000
6257.428711 0.000000 3189.232178 0.000000 0.000000 0.000000 1.000000 1.000000 1.000000 1.000000
7435.240234 0.000000 481.845917 0.000000 0.000000 0.000000 1.000000 1.000000 1.000000 1.000000
7447.254395 0.000000 495.425507 0.000000 0.000000 0.000000 1.000000 1.000000 1.000000 1.000000
7917.875000 0.000000 3185.179688 0.000000 -0.264573 0.000000 0.964366 1.000000 1.000000 1.000000
7878.875000 0.000000 3167.999756 0.000000 -0.264573 0.000000 0.964366 1.000000 1.000000 1.000000
7753.823730 -0.385010 3118.578125 0.000000 -0.264573 0.000000 0.964366 1.000000 1.000000 1.000000
7857.558105 0.000000 3166.294434 0.000000 -0.264573 0.000000 0.964366 1.000000 1.000000 1.000000
7888.959473 0.000000 3105.265137 0.000000 0.191258 0.000000 0.981540 1.000000 1.000000 1.000000
7743.098633 0.250000 2938.726807 0.000000 0.191258 0.000000 0.981540 1.000000 1.000000 1.000000
7726.583008 0.000000 2981.979004 0.000000 0.191258 0.000000 0.981540 1.000000 1.000000 1.000000
7705.416992 -0.348389 2964.512695 0.000000 0.191258 0.000000 0.981540 1.000000 1.000000 1.000000
7741.154297 0.000000 2954.040527 0.000000 0.191258 0.000000 0.981540 1.000000 1.000000 1.000000
7678.201660 0.000000 2910.858398 0.000000 0.000000 0.000000 1.000000 1.000000 1.000000 1.000000
7944.471191 0.000000 420.755768 0.000000 0.000000 0.000000 1.000000 1.000000 1.000000 1.000000
7985.040039 0.000000 450.294891 0.000000 0.000000 0.000000 1.000000 1.000000 1.000000 1.000000
8024.977539 0.000000 486.629639 0.000000 0.000000 0.000000 1.000000 1.000000 1.000000 1.000000
5157.218750 -3.174805 1048.959717 0.000000 -0.643947 0.000000 0.765070 2.894067 2.894067 2.894067
5126.988281 0.000000 994.320435 0.000000 0.000000 0.000000 1.000000 1.613141 1.613141 1.613141
3635.875977 0.000000 3235.594238 0.000000 0.000000 0.000000 1.000000 1.000000 1.000000 1.000000
3669.415527 0.000000 3243.650879 0.000000 0.000000 0.000000 1.000000 1.000000 1.000000 1.000000
7251.702148 21.839844 3091.168457 0.000000 0.969275 0.000000 0.245980 1.000000 1.000000 1.000000
7295.747559 51.668457 3099.859619 0.000000 0.353288 0.000000 0.935515 1.000000 1.000000 1.000000
7352.303223 53.610107 3101.283936 0.000000 0.191258 0.000000 0.981540 1.000000 1.000000 1.000000
"}
object={
	name="env_rough_water"
	clamp_to_water_level=yes
	render_under_water=yes
	generated_content=no
	layer="environmental_effects"
	entity="env_rough_water"
	count=3
	transform="4225.295898 0.000000 3422.607910 0.000000 -0.941496 0.000000 -0.337024 1.000000 1.000000 1.000000
4128.375000 0.000000 3247.946777 0.000000 0.000000 0.000000 1.000000 1.000000 1.000000 1.000000
3459.900879 0.000000 3356.586182 0.000000 0.000000 0.000000 1.000000 1.987500 1.987500 1.987500
"}
object={
	name="env_sandstorm_obj"
	clamp_to_water_level=no
	render_under_water=no
	generated_content=no
	layer="environmental_effects"
	entity="env_sandstorm"
	count=41
	transform="5199.023926 12.659424 1991.980347 0.000000 0.315732 0.000000 0.948848 1.000000 1.000000 1.000000
5188.890137 12.659424 2045.004639 0.000000 0.453676 0.000000 0.891167 1.000000 1.000000 1.000000
5264.472168 12.659424 1948.307007 0.000000 -0.163568 0.000000 0.986532 1.000000 1.000000 1.000000
5183.923340 17.639038 1931.920288 0.000000 0.017028 0.000000 0.999855 1.000000 1.000000 1.000000
5313.850586 12.659424 1989.896851 0.000000 -0.736334 0.000000 0.676618 1.000000 1.000000 1.000000
5962.598633 12.659424 2447.491699 0.000000 -0.113282 0.000000 0.993563 1.649508 1.649508 1.649508
6387.024902 12.659424 2528.311768 0.000000 0.000000 0.000000 1.000000 1.814014 1.814014 1.814014
7110.224609 12.659424 834.829163 0.000000 0.000000 0.000000 1.000000 1.000000 1.000000 1.000000
7187.642090 12.659424 1066.057007 0.000000 0.000000 0.000000 1.000000 1.000000 1.000000 1.000000
7010.943359 12.659424 943.146912 0.000000 0.000000 0.000000 1.000000 1.000000 1.000000 1.000000
5081.709961 19.996582 2151.354492 0.000000 0.000000 0.000000 1.000000 1.000000 1.000000 1.000000
4457.563477 9.129028 1950.067261 0.000000 0.000000 0.000000 1.000000 1.000000 1.000000 1.000000
4197.740723 6.404175 1947.413818 0.000000 0.000000 0.000000 1.000000 1.000000 1.000000 1.000000
4170.919434 6.404175 2005.377686 0.000000 -0.234253 0.000000 0.972176 1.000000 1.000000 1.000000
4536.530762 16.342773 1882.075073 0.000000 0.000000 0.000000 1.000000 1.000000 1.000000 1.000000
4063.903809 6.404175 2058.131104 0.000000 0.000000 0.000000 1.000000 1.000000 1.000000 1.000000
4534.278320 6.404175 2081.297607 0.000000 0.000000 0.000000 1.000000 1.000000 1.000000 1.000000
4482.622070 6.404175 2162.553467 0.000000 0.000000 0.000000 1.000000 1.000000 1.000000 1.000000
4655.394531 6.404175 2104.293701 0.000000 0.000000 0.000000 1.000000 1.000000 1.000000 1.000000
4744.658203 6.404175 1966.170532 0.000000 0.000000 0.000000 1.000000 1.000000 1.000000 1.000000
3954.873779 6.404175 1928.178223 0.000000 0.000000 0.000000 1.000000 1.000000 1.000000 1.000000
3901.504395 6.404175 2040.349731 0.000000 0.000000 0.000000 1.000000 1.000000 1.000000 1.000000
4047.274658 24.443481 2156.264160 0.000000 0.000000 0.000000 1.000000 1.000000 1.000000 1.000000
4307.868164 6.404175 1855.241333 0.000000 0.000000 0.000000 1.000000 1.000000 1.000000 1.000000
4376.748047 6.404175 2136.800537 0.000000 0.000000 0.000000 1.000000 1.000000 1.000000 1.000000
4735.661621 6.404175 1826.110718 0.000000 0.000000 0.000000 1.000000 1.000000 1.000000 1.000000
4591.165039 6.404175 2163.538574 0.000000 0.000000 0.000000 1.000000 1.000000 1.000000 1.000000
5002.414062 6.404175 2250.605469 0.000000 0.000000 0.000000 1.000000 1.000000 1.000000 1.000000
4237.242676 6.404175 2171.262451 0.000000 0.000000 0.000000 1.000000 1.000000 1.000000 1.000000
5081.014160 6.404175 1662.127441 0.000000 0.000000 0.000000 1.000000 1.000000 1.000000 1.000000
5168.106934 6.404175 1683.591064 0.000000 0.000000 0.000000 1.000000 1.000000 1.000000 1.000000
5016.378906 6.404175 1780.796631 0.000000 0.000000 0.000000 1.000000 1.000000 1.000000 1.000000
4984.775391 6.404175 1542.581055 0.000000 0.000000 0.000000 1.000000 1.000000 1.000000 1.000000
4997.285645 6.404175 2334.903320 0.000000 0.000000 0.000000 1.000000 1.000000 1.000000 1.000000
5377.169922 6.404175 2475.968262 0.000000 0.000000 0.000000 1.000000 1.000000 1.000000 1.000000
5473.039062 6.404175 2436.062256 0.000000 0.000000 0.000000 1.000000 1.000000 1.000000 1.000000
5554.532715 6.404175 2505.201904 0.000000 0.000000 0.000000 1.000000 1.000000 1.000000 1.000000
6062.451660 6.404175 2445.084961 0.000000 0.000000 0.000000 1.000000 1.000000 1.000000 1.000000
6057.242188 6.404175 2609.662354 0.000000 0.000000 0.000000 1.000000 1.000000 1.000000 1.000000
6383.613281 6.404175 2463.144531 0.000000 0.000000 0.000000 1.000000 1.000000 1.000000 1.000000
6595.378906 6.404175 2543.002441 0.000000 0.000000 0.000000 1.000000 1.000000 1.000000 1.000000
"}
object={
	name="env_sandstorm_small"
	clamp_to_water_level=no
	render_under_water=no
	generated_content=no
	layer="environmental_effects"
	entity="env_sandstorm_small"
	count=11
	transform="1523.543457 0.000000 2269.380859 0.000000 0.000000 0.000000 1.000000 1.000000 1.000000 1.000000
1423.210693 0.000000 2349.553223 0.000000 0.000000 0.000000 1.000000 1.000000 1.000000 1.000000
5722.297852 0.000000 2074.956055 0.000000 0.000000 0.000000 1.000000 1.000000 1.000000 1.000000
5704.224121 0.000000 2136.048096 0.000000 0.000000 0.000000 1.000000 1.000000 1.000000 1.000000
5770.515625 0.000000 2138.452881 0.000000 0.000000 0.000000 1.000000 1.000000 1.000000 1.000000
6178.978516 0.000000 2398.467773 0.000000 0.000000 0.000000 1.000000 1.000000 1.000000 1.000000
6198.756348 0.000000 2539.690430 0.000000 0.000000 0.000000 1.000000 1.000000 1.000000 1.000000
6254.917969 0.000000 2448.114014 0.000000 0.000000 0.000000 1.000000 1.000000 1.000000 1.000000
6732.192383 0.000000 2663.086182 0.000000 0.000000 0.000000 1.000000 1.000000 1.000000 1.000000
5394.024414 0.000000 2591.697998 0.000000 0.000000 0.000000 1.000000 1.000000 1.000000 1.000000
5336.521973 0.000000 2679.645508 0.000000 0.000000 0.000000 1.000000 1.000000 1.000000 1.000000
"}
object={
	name="env_snow_01_obj"
	clamp_to_water_level=no
	render_under_water=yes
	generated_content=no
	layer="environmental_effects"
	entity="env_snow_01"
	count=25
	transform="2962.049561 0.000000 3201.490234 0.000000 0.000000 0.000000 1.000000 1.000000 1.000000 1.000000
3040.119385 0.000000 3251.344971 0.000000 0.000000 0.000000 1.000000 1.000000 1.000000 1.000000
3124.908936 0.000000 3222.361816 0.000000 0.000000 0.000000 1.000000 1.000000 1.000000 1.000000
3185.304688 0.000000 3380.306885 0.000000 0.000000 0.000000 1.000000 1.000000 1.000000 1.000000
3030.522949 0.000000 3394.701904 0.000000 0.000000 0.000000 1.000000 1.000000 1.000000 1.000000
2943.458984 0.000000 3483.939209 0.000000 0.000000 0.000000 1.000000 1.000000 1.000000 1.000000
2953.666016 0.000000 3352.481445 0.000000 0.000000 0.000000 1.000000 1.000000 1.000000 1.000000
3329.269775 0.000000 3380.283447 0.000000 0.000000 0.000000 1.000000 1.000000 1.000000 1.000000
3385.938965 0.000000 3517.861084 0.000000 0.000000 0.000000 1.000000 1.000000 1.000000 1.000000
3207.635986 0.000000 3502.326660 0.000000 0.000000 0.000000 1.000000 1.000000 1.000000 1.000000
2971.972900 0.000000 3242.636475 0.000000 0.000000 0.000000 1.000000 1.000000 1.000000 1.000000
3004.059570 0.000000 3253.427490 0.000000 0.000000 0.000000 1.000000 1.000000 1.000000 1.000000
2932.578369 0.000000 3500.491699 0.000000 0.000000 0.000000 1.000000 1.000000 1.000000 1.000000
2894.427490 0.000000 3532.921143 0.000000 0.000000 0.000000 1.000000 1.000000 1.000000 1.000000
2864.082764 0.000000 3542.900879 0.000000 0.000000 0.000000 1.000000 1.000000 1.000000 1.000000
3036.022705 0.000000 3500.704834 0.000000 0.000000 0.000000 1.000000 1.000000 1.000000 1.000000
3190.653320 0.000000 3436.310791 0.000000 0.000000 0.000000 1.000000 1.000000 1.000000 1.000000
3216.307129 0.000000 3521.610596 0.000000 0.000000 0.000000 1.000000 1.000000 1.000000 1.000000
3418.490479 0.000000 3472.526367 0.000000 0.000000 0.000000 1.000000 1.000000 1.000000 1.000000
3294.177002 0.000000 3349.602783 0.000000 0.000000 0.000000 1.000000 1.000000 1.000000 1.000000
2052.505371 0.000000 3258.436035 0.000000 0.000000 0.000000 1.000000 1.000000 1.000000 1.000000
1496.735474 0.000000 3496.731934 0.000000 0.000000 0.000000 1.000000 1.000000 1.000000 1.000000
1266.118652 0.000000 3545.260742 0.000000 0.000000 0.000000 1.000000 1.000000 1.000000 1.000000
1517.968262 0.000000 3416.603027 0.000000 0.000000 0.000000 1.000000 1.000000 1.000000 1.000000
1711.396606 0.000000 3406.572998 0.000000 0.000000 0.000000 1.000000 1.000000 1.000000 1.000000
"}
object={
	name="env_snow_02_obj"
	clamp_to_water_level=no
	render_under_water=yes
	generated_content=no
	layer="environmental_effects"
	entity="env_snow_02"
	count=20
	transform="2948.808105 33.760986 3376.807861 0.000000 0.000000 0.000000 1.000000 1.000000 1.000000 1.000000
2989.166016 33.760986 3156.180908 0.000000 0.000000 0.000000 1.000000 1.000000 1.000000 1.000000
3311.400146 33.760986 3395.357178 0.000000 0.000000 0.000000 1.000000 1.000000 1.000000 1.000000
2996.412842 0.000000 3283.416748 0.000000 0.000000 0.000000 1.000000 1.000000 1.000000 1.000000
3183.150146 0.000000 3317.958008 0.000000 0.000000 0.000000 1.000000 1.000000 1.000000 1.000000
3230.239258 0.000000 3433.204834 0.000000 0.000000 0.000000 1.000000 1.000000 1.000000 1.000000
3038.281250 0.000000 3411.410645 0.000000 0.000000 0.000000 1.000000 1.000000 1.000000 1.000000
3009.484375 0.000000 3535.680664 0.000000 0.000000 0.000000 1.000000 1.000000 1.000000 1.000000
3258.455566 0.000000 3512.238770 0.000000 0.000000 0.000000 1.000000 1.000000 1.000000 1.000000
3082.516357 0.000000 3491.020752 0.000000 0.000000 0.000000 1.000000 1.000000 1.000000 1.000000
3057.471191 0.000000 3112.530273 0.000000 0.000000 0.000000 1.000000 1.000000 1.000000 1.000000
3062.880371 0.000000 3345.584961 0.000000 0.000000 0.000000 1.000000 1.000000 1.000000 1.000000
1288.100098 0.000000 3521.006348 0.000000 0.000000 0.000000 1.000000 1.000000 1.000000 1.000000
1549.559082 0.000000 3421.009766 0.000000 0.000000 0.000000 1.000000 1.000000 1.000000 1.000000
1421.467285 0.000000 3511.561523 0.000000 0.000000 0.000000 1.000000 1.000000 1.000000 1.000000
1677.255371 0.000000 3432.148193 0.000000 0.000000 0.000000 1.000000 1.000000 1.000000 1.000000
1641.838623 0.000000 3508.246094 0.000000 0.000000 0.000000 1.000000 1.000000 1.000000 1.000000
1808.448120 0.000000 3537.692871 0.000000 0.000000 0.000000 1.000000 1.000000 1.000000 1.000000
1864.719482 0.000000 3305.387207 0.000000 0.000000 0.000000 1.000000 1.000000 1.000000 1.000000
1974.386841 0.000000 3271.047607 0.000000 0.000000 0.000000 1.000000 1.000000 1.000000 1.000000
"}
object={
	name="env_snow_fall"
	clamp_to_water_level=no
	render_under_water=no
	generated_content=no
	layer="environmental_effects"
	entity="env_snow_fall"
	count=9
	transform="3176.039307 0.000000 3371.825195 0.000000 0.000000 0.000000 1.000000 1.000000 1.000000 1.000000
2949.182617 0.000000 3415.344238 0.000000 0.000000 0.000000 1.000000 1.000000 1.000000 1.000000
3056.640381 0.000000 3208.261475 0.000000 0.000000 0.000000 1.000000 1.000000 1.000000 1.000000
2431.102295 0.000000 3433.920410 0.000000 0.000000 0.000000 1.000000 1.000000 1.000000 1.000000
2510.580322 0.000000 3285.531250 0.000000 0.000000 0.000000 1.000000 1.000000 1.000000 1.000000
2138.391113 0.000000 3486.360107 0.000000 0.000000 0.000000 1.000000 1.000000 1.000000 1.000000
2201.751709 0.000000 3321.494873 0.000000 0.000000 0.000000 1.000000 1.000000 1.000000 1.000000
1922.742188 0.000000 3466.709961 0.000000 0.000000 0.000000 1.000000 1.000000 1.000000 1.000000
1495.694214 0.000000 3494.068359 0.000000 0.000000 0.000000 1.000000 1.000000 1.000000 1.000000
"}
object={
	name="env_snow_fall_small"
	clamp_to_water_level=no
	render_under_water=no
	generated_content=no
	layer="environmental_effects"
	entity="env_snow_fall_small"
	count=21
	transform="4336.910156 0.000000 3141.968018 0.000000 0.000000 0.000000 1.000000 1.000000 1.000000 1.000000
4420.438965 0.000000 3241.433594 0.000000 0.000000 0.000000 1.000000 1.000000 1.000000 1.000000
4579.563477 0.000000 3405.777100 0.000000 0.000000 0.000000 1.000000 1.000000 1.000000 1.000000
4695.795898 0.000000 3465.489746 0.000000 0.000000 0.000000 1.000000 1.000000 1.000000 1.000000
6740.363770 0.000000 3561.869141 0.000000 0.000000 0.000000 1.000000 1.000000 1.000000 1.000000
7316.073242 0.000000 3149.554932 0.000000 0.000000 0.000000 1.000000 1.000000 1.000000 1.000000
7968.253906 0.000000 3154.045410 0.000000 0.000000 0.000000 1.000000 1.000000 1.000000 1.000000
9.488559 0.000000 3493.993408 0.000000 0.000000 0.000000 1.000000 1.000000 1.000000 1.000000
584.086182 0.000000 3367.468750 0.000000 0.000000 0.000000 1.000000 1.000000 1.000000 1.000000
670.428162 0.000000 3369.595947 0.000000 0.000000 0.000000 1.000000 1.000000 1.000000 1.000000
828.729004 0.000000 3420.973633 0.000000 0.000000 0.000000 1.000000 1.000000 1.000000 1.000000
1254.500977 0.000000 3544.005371 0.000000 0.000000 0.000000 1.000000 1.000000 1.000000 1.000000
1720.921021 0.000000 3423.383545 0.000000 0.000000 0.000000 1.000000 1.000000 1.000000 1.000000
1686.637817 0.000000 3511.984619 0.000000 0.000000 0.000000 1.000000 1.000000 1.000000 1.000000
1562.598633 0.000000 3536.399414 0.000000 0.000000 0.000000 1.000000 1.000000 1.000000 1.000000
2181.195068 0.000000 3207.316650 0.000000 0.000000 0.000000 1.000000 1.000000 1.000000 1.000000
2353.191650 0.000000 3121.579834 0.000000 0.000000 0.000000 1.000000 1.000000 1.000000 1.000000
2475.470703 0.000000 3090.133301 0.000000 0.000000 0.000000 1.000000 1.000000 1.000000 1.000000
2642.068115 0.000000 3018.019287 0.000000 0.000000 0.000000 1.000000 1.000000 1.000000 1.000000
2622.202393 0.000000 3058.263184 0.000000 0.000000 0.000000 1.000000 1.000000 1.000000 1.000000
2666.854980 0.000000 2979.474121 0.000000 0.000000 0.000000 1.000000 1.000000 1.000000 1.000000
"}
object={
	name="env_swamp_fog"
	clamp_to_water_level=no
	render_under_water=no
	generated_content=no
	layer="environmental_effects"
	entity="env_swamp_fog"
	count=15
	transform="6125.408203 0.000000 2123.628418 0.000000 0.000000 0.000000 1.000000 1.000000 1.000000 1.000000
5652.021973 0.000000 2086.852051 0.000000 0.000000 0.000000 1.000000 1.000000 1.000000 1.000000
2234.603760 0.000000 2174.426270 0.000000 0.000000 0.000000 1.000000 0.700757 0.700757 0.700757
2261.247070 0.000000 2113.576660 0.000000 0.000000 0.000000 1.000000 0.685571 0.685571 0.685571
1995.003418 0.000000 2220.144775 0.000000 0.000000 0.000000 1.000000 0.694189 0.694189 0.694189
2020.221924 0.000000 2207.772705 0.000000 0.000000 0.000000 1.000000 0.694189 0.694189 0.694189
7929.121582 -0.387939 3191.886230 0.000000 -0.263513 0.000000 0.964656 1.000000 1.000000 1.000000
5100.658203 0.098206 1019.464111 0.000000 0.234609 0.000000 0.972090 1.000000 1.000000 1.000000
5109.569824 0.367676 1036.320068 0.000000 0.234609 0.000000 0.972090 1.000000 1.000000 1.000000
5128.337891 0.000000 1134.412720 0.000000 -0.875966 0.000000 -0.482373 1.000000 1.000000 1.000000
5150.415527 0.000000 1141.110596 0.000000 0.463223 0.000000 0.886242 1.000000 1.000000 1.000000
5144.392090 0.000000 1136.118286 0.000000 -0.561546 0.000000 0.827446 1.000000 1.000000 1.000000
6677.043457 0.000000 3080.284912 0.000000 -0.316427 0.000000 0.948617 1.000000 1.000000 1.000000
6778.955566 0.000000 3066.369873 0.000000 0.169166 0.000000 0.985588 1.000000 1.000000 1.000000
6905.481934 0.000000 3101.449463 0.000000 0.000000 0.000000 1.000000 1.000000 1.000000 1.000000
"}
object={
	name="env_tropical_rain"
	clamp_to_water_level=no
	render_under_water=no
	generated_content=no
	layer="environmental_effects"
	entity="env_tropical_rain_entity"
	count=54
	transform="4650.120117 0.000000 1361.464111 0.000000 0.000000 0.000000 1.000000 1.000000 1.000000 1.000000
4544.426270 0.000000 1370.726074 0.000000 0.000000 0.000000 1.000000 1.000000 1.000000 1.000000
4641.125977 0.000000 1471.796387 0.000000 0.000000 0.000000 1.000000 1.000000 1.000000 1.000000
4406.683594 0.000000 1396.607056 0.000000 0.000000 0.000000 1.000000 1.000000 1.000000 1.000000
4360.645020 0.000000 1485.382935 0.000000 0.000000 0.000000 1.000000 1.000000 1.000000 1.000000
4485.047852 0.000000 1593.852417 0.000000 0.000000 0.000000 1.000000 1.000000 1.000000 1.000000
4629.733398 0.000000 1662.922607 0.000000 0.000000 0.000000 1.000000 1.000000 1.000000 1.000000
2640.662354 0.000000 1168.756714 0.000000 0.000000 0.000000 1.000000 1.000000 1.000000 1.000000
2878.114014 0.000000 1250.168213 0.000000 0.000000 0.000000 1.000000 1.000000 1.000000 1.000000
2833.453613 0.000000 1394.151001 0.000000 0.000000 0.000000 1.000000 1.000000 1.000000 1.000000
2363.969971 0.000000 1435.867920 0.000000 0.000000 0.000000 1.000000 1.000000 1.000000 1.000000
2681.472656 0.000000 1601.198364 0.000000 0.000000 0.000000 1.000000 1.000000 1.000000 1.000000
2842.398438 0.000000 1567.733521 0.000000 0.000000 0.000000 1.000000 1.000000 1.000000 1.000000
3004.067627 0.000000 1427.793457 0.000000 0.000000 0.000000 1.000000 1.000000 1.000000 1.000000
2847.733154 0.000000 1100.051270 0.000000 0.000000 0.000000 1.000000 1.000000 1.000000 1.000000
2891.705566 0.000000 1002.318726 0.000000 0.000000 0.000000 1.000000 1.000000 1.000000 1.000000
4059.835449 0.000000 2828.747314 0.000000 0.000000 0.000000 1.000000 1.000000 1.000000 1.000000
4051.177246 0.000000 2800.131592 0.000000 0.000000 0.000000 1.000000 1.000000 1.000000 1.000000
4031.452881 0.000000 2900.827881 0.000000 0.000000 0.000000 1.000000 1.000000 1.000000 1.000000
4087.779297 0.000000 2812.569824 0.000000 0.000000 0.000000 1.000000 1.000000 1.000000 1.000000
4008.361572 0.000000 2778.921387 0.000000 0.000000 0.000000 1.000000 1.000000 1.000000 1.000000
4025.070801 0.000000 2832.317627 0.000000 0.000000 0.000000 1.000000 1.000000 1.000000 1.000000
4073.693359 0.000000 2805.183838 0.000000 0.000000 0.000000 1.000000 1.000000 1.000000 1.000000
4043.817139 0.000000 2898.893311 0.000000 0.000000 0.000000 1.000000 1.000000 1.000000 1.000000
4005.570068 0.000000 2954.000000 0.000000 0.000000 0.000000 1.000000 1.000000 1.000000 1.000000
4021.506836 0.000000 2975.917725 0.000000 0.000000 0.000000 1.000000 1.000000 1.000000 1.000000
3917.631836 0.000000 2858.868896 0.000000 0.000000 0.000000 1.000000 1.000000 1.000000 1.000000
3886.357666 0.000000 1698.548218 0.000000 0.000000 0.000000 1.000000 1.000000 1.000000 1.000000
3810.730957 0.000000 1763.429443 0.000000 0.000000 0.000000 1.000000 1.000000 1.000000 1.000000
3779.586914 0.000000 1823.368530 0.000000 0.000000 0.000000 1.000000 1.000000 1.000000 1.000000
2585.450684 0.000000 1357.316406 0.000000 0.000000 0.000000 1.000000 1.000000 1.000000 1.000000
3034.457031 0.000000 1127.663818 0.000000 0.000000 0.000000 1.000000 1.000000 1.000000 1.000000
3154.906006 0.000000 1321.991699 0.000000 0.000000 0.000000 1.000000 1.000000 1.000000 1.000000
2722.121582 0.000000 1546.173950 0.000000 0.000000 0.000000 1.000000 1.000000 1.000000 1.000000
2874.225342 0.000000 1568.697388 0.000000 0.000000 0.000000 1.000000 1.000000 1.000000 1.000000
2657.890625 0.000000 1640.766602 0.000000 0.000000 0.000000 1.000000 1.000000 1.000000 1.000000
3193.067383 0.000000 1343.883545 0.000000 0.000000 0.000000 1.000000 1.000000 1.000000 1.000000
3115.038818 0.000000 1047.066528 0.000000 0.000000 0.000000 1.000000 1.000000 1.000000 1.000000
2906.963135 0.000000 855.935059 0.000000 0.000000 0.000000 1.000000 1.000000 1.000000 1.000000
2772.376709 0.000000 759.494751 0.000000 0.000000 0.000000 1.000000 1.000000 1.000000 1.000000
2230.008057 0.000000 2357.373291 0.000000 0.000000 0.000000 1.000000 1.000000 1.000000 1.000000
2305.103516 0.000000 2429.978516 0.000000 0.000000 0.000000 1.000000 1.000000 1.000000 1.000000
4145.109863 0.000000 2639.132080 0.000000 0.000000 0.000000 1.000000 1.000000 1.000000 1.000000
4299.377441 0.000000 2742.372314 0.000000 0.000000 0.000000 1.000000 1.000000 1.000000 1.000000
5823.094238 0.000000 1819.037354 0.000000 0.000000 0.000000 1.000000 1.000000 1.000000 1.000000
5845.250977 0.000000 1776.442627 0.000000 0.000000 0.000000 1.000000 1.000000 1.000000 1.000000
6703.870605 0.000000 1490.147705 0.000000 0.000000 0.000000 1.000000 1.000000 1.000000 1.000000
4707.464355 0.000000 1594.818848 0.000000 0.000000 0.000000 1.000000 1.000000 1.000000 1.000000
4230.961426 0.000000 1719.738159 0.000000 0.000000 0.000000 1.000000 1.000000 1.000000 1.000000
4010.393311 0.000000 1737.014893 0.000000 0.000000 0.000000 1.000000 1.000000 1.000000 1.000000
2517.715820 0.000000 1487.943604 0.000000 0.000000 0.000000 1.000000 1.000000 1.000000 1.000000
2899.658691 0.000000 1218.928223 0.000000 0.000000 0.000000 1.000000 1.000000 1.000000 1.000000
2848.092529 0.000000 904.183167 0.000000 0.000000 0.000000 1.000000 1.000000 1.000000 1.000000
2630.604248 0.000000 1576.069092 0.000000 0.000000 0.000000 1.000000 1.000000 1.000000 1.000000
"}
object={
	name="env_tropical_rain_dense"
	clamp_to_water_level=no
	render_under_water=no
	generated_content=no
	layer="environmental_effects"
	entity="env_tropical_rain_dense_entity"
	count=9
	transform="4054.500732 0.000000 2836.794434 0.000000 0.000000 0.000000 1.000000 1.000000 1.000000 1.000000
4046.712891 0.000000 2848.753662 0.000000 0.000000 0.000000 1.000000 1.000000 1.000000 1.000000
4058.375977 0.000000 2832.981689 0.000000 0.000000 0.000000 1.000000 1.000000 1.000000 1.000000
4089.224121 0.000000 2795.464355 0.000000 0.000000 0.000000 1.000000 1.000000 1.000000 1.000000
4041.866455 0.000000 2777.442871 0.000000 0.000000 0.000000 1.000000 1.000000 1.000000 1.000000
4032.967529 0.000000 2904.790771 0.000000 0.000000 0.000000 1.000000 1.000000 1.000000 1.000000
4005.840576 0.000000 2960.833984 0.000000 0.000000 0.000000 1.000000 1.000000 1.000000 1.000000
3981.929443 0.000000 2944.507324 0.000000 0.000000 0.000000 1.000000 1.000000 1.000000 1.000000
3993.450195 0.000000 2906.339600 0.000000 0.000000 0.000000 1.000000 1.000000 1.000000 1.000000
"}
object={
	name="env_volcano_idle_obj"
	clamp_to_water_level=no
	render_under_water=no
	generated_content=no
	layer="environmental_effects"
	entity="env_volcano_idle"
	count=4
	transform="4434.877441 0.000000 2416.325684 0.000000 0.000000 0.000000 1.000000 1.000000 1.000000 1.000000
7748.016602 0.000000 2942.383057 0.000000 0.000000 0.000000 1.000000 1.000000 1.000000 1.000000
3655.964600 0.000000 3216.136230 0.000000 0.000000 0.000000 1.000000 1.000000 1.000000 1.000000
7257.213867 0.000000 2356.598877 0.000000 0.000000 0.000000 1.000000 1.000000 1.000000 1.000000
"}
object={
	name="env_waterfall_bottom"
	clamp_to_water_level=no
	render_under_water=yes
	generated_content=no
	layer="environmental_effects"
	entity="env_waterfall_02"
	count=10
	transform="4290.433594 0.000000 3085.937256 0.000000 -0.784706 0.000000 0.619868 0.638376 0.638376 0.638376
4298.413086 0.000000 3086.586914 0.000000 -0.497321 0.000000 0.867567 0.496438 0.496438 0.496438
4334.052734 0.000000 3114.748047 0.000000 0.013671 0.000000 0.999907 0.496438 0.496438 0.496438
4572.210449 0.000000 1474.234375 0.000000 0.194253 0.000000 0.980951 0.776111 0.776111 0.776111
4812.871094 0.000000 1605.357422 0.000000 -0.742784 0.000000 0.669531 1.000000 1.000000 1.000000
4810.495605 0.000000 1551.989746 0.000000 -0.788212 0.000000 0.615404 1.000000 1.000000 1.000000
2712.891357 0.558594 1712.359497 0.000000 0.547553 0.000000 0.836771 1.000000 1.000000 1.000000
7441.970703 0.000000 484.471710 0.000000 0.941190 0.000000 0.337878 1.000000 1.000000 1.000000
5144.908203 0.000000 1077.122314 0.000000 0.000000 0.000000 1.000000 1.000000 1.000000 1.000000
3615.497070 0.000000 3219.679199 0.000000 -0.929859 0.000000 0.367915 1.573901 1.573901 1.573901
"}
object={
	name="env_waterfall_top"
	clamp_to_water_level=no
	render_under_water=yes
	generated_content=no
	layer="environmental_effects"
	entity="env_waterfall_01"
	count=15
	transform="4289.335449 0.000000 3086.134033 0.000000 -0.575803 0.000000 0.817588 0.722831 0.722831 0.722831
4297.382324 0.000000 3086.787354 0.000000 -0.559170 0.000000 0.829053 0.649893 0.649893 0.649893
4334.042480 0.000000 3115.390381 0.000000 0.000000 0.000000 1.000000 0.649893 0.649893 0.649893
4571.533203 -0.462646 1474.854370 0.000000 -0.197724 0.000000 0.980258 1.001148 1.001148 1.001148
6480.081055 0.000000 2132.783691 0.000000 0.000000 0.000000 1.000000 1.057869 1.057869 1.057869
6461.730957 0.000000 2109.465332 0.000000 0.000000 0.000000 1.000000 1.507593 1.507593 1.507593
4812.988281 -0.634766 1603.300781 0.000000 0.999812 0.000000 0.019403 1.171411 1.171411 1.171411
4810.705078 -0.602051 1550.585327 0.000000 0.999848 0.000000 0.017451 1.171411 1.171411 1.171411
2711.482178 -0.807739 1711.453491 0.000000 0.855529 0.000000 -0.517755 1.281909 1.281909 1.281909
7126.787598 0.000000 946.363098 0.000000 -0.318105 0.000000 0.948055 1.171595 1.171595 1.171595
7440.966797 0.000000 485.682495 0.000000 -0.317295 0.000000 0.948327 1.279531 1.279531 1.279531
6681.367676 0.000000 1536.088013 0.000000 -0.181064 0.000000 0.983471 1.123545 1.123545 1.123545
5146.238770 -0.692383 1076.744873 0.000000 0.826865 0.000000 0.562400 1.000000 1.000000 1.000000
5145.695801 -0.692383 1075.740845 0.000000 0.949522 0.000000 0.313700 1.000000 1.000000 1.000000
3617.405518 0.000000 3221.951660 0.000000 0.353802 0.000000 0.935320 1.378100 1.378100 1.378100
"}
object={
	name="rock_granite_river_01_entity"
	clamp_to_water_level=no
	render_under_water=yes
	generated_content=no
	layer="environmental_effects"
	entity="rock_granite_river_01_entity"
	count=19
	transform="4581.155273 0.000000 2453.247070 0.000000 -0.999896 0.000000 0.014399 1.000000 1.000000 1.000000
4113.811523 0.000000 2563.953613 0.000000 0.534748 0.000000 0.845012 1.000000 1.000000 1.000000
4108.886230 0.000000 2560.987793 0.000000 0.712183 0.000000 0.701994 1.000000 1.000000 1.000000
4112.128906 0.000000 2562.652588 0.000000 0.396961 0.000000 0.917836 1.000000 1.000000 1.000000
6983.366699 0.000000 2418.413086 0.000000 -0.974129 0.000000 0.225993 1.062451 1.062451 1.062451
5891.408691 0.000000 2260.467529 0.000000 -0.263160 0.000000 0.964752 1.000000 1.000000 1.000000
5891.295410 0.000000 2261.965332 0.000000 -0.669806 0.000000 0.742536 1.000000 1.000000 1.000000
5891.331055 0.000000 2262.630859 0.000000 -0.863072 0.000000 0.505081 1.000000 1.000000 1.000000
4333.828125 0.000000 3111.473145 0.000000 -0.997614 0.000000 -0.069041 0.838916 0.838916 0.838916
4288.256836 0.000000 3086.618164 0.000000 -0.775883 0.000000 -0.630877 0.838916 0.838916 0.838916
4296.208496 0.000000 3086.985596 0.000000 -0.788469 0.000000 -0.615074 0.838916 0.838916 0.838916
4333.889160 0.000000 3116.708984 0.000000 -0.997614 0.000000 -0.069041 0.838916 0.838916 0.838916
7294.740723 0.000000 2366.121826 0.000000 0.800227 0.000000 0.599697 1.000000 1.000000 1.000000
5008.526855 0.000000 2420.301025 0.000000 -0.899721 0.000000 -0.436463 1.000000 1.000000 1.000000
4971.341797 0.000000 2441.687012 0.000000 -0.956879 0.000000 0.290486 1.000000 1.000000 1.000000
5042.341309 0.000000 2439.821045 0.000000 -0.614637 0.000000 0.788810 1.000000 1.000000 1.000000
7455.166504 0.000000 470.235596 0.000000 0.934803 0.000000 0.355168 1.000000 1.000000 1.000000
7447.607910 0.000000 477.671356 0.000000 0.993931 0.000000 0.110002 1.000000 1.000000 1.000000
4293.264160 0.000000 2661.314453 0.000000 0.604039 0.000000 0.796955 1.000000 1.000000 1.000000
"}
object={
	name="sfx_rain_emitter"
	clamp_to_water_level=no
	render_under_water=no
	generated_content=no
	layer="environmental_effects"
	entity="vfx_rain_emitter"
	count=0
}
object={
	name="sfx_sandstorm_emitter"
	clamp_to_water_level=no
	render_under_water=no
	generated_content=no
	layer="environmental_effects"
	entity="vfx_sandstorm_emitter"
	count=0
}
object={
	name="sfx_snowstorm_emitter"
	clamp_to_water_level=no
	render_under_water=no
	generated_content=no
	layer="environmental_effects"
	entity="vfx_snowstorm_emitter"
	count=0
}
