object={
	name="lakes"
	clamp_to_water_level=yes
	render_under_water=yes
	generated_content=no
	layer="static"
	pdxmesh="lake_mesh"
	count=15
	transform="4311.174316 0.394531 2687.438721 0.000000 -0.238277 0.000000 -0.971197 11.371896 11.371896 11.371896
1557.658081 2.295166 2527.045898 0.000000 0.739352 0.000000 0.673319 8.217487 8.217487 8.217487
4798.804688 1.015503 1549.296875 0.000000 0.940009 0.000000 0.341150 16.450521 16.450521 16.450521
4774.138184 1.015503 1504.493652 0.000000 0.818398 0.000000 0.574651 16.642942 16.642942 16.642942
4761.862305 1.808838 1462.826416 0.000000 0.730026 0.000000 0.683420 18.708105 18.708105 18.708105
7621.238281 0.141846 2736.797119 0.000000 0.771247 0.000000 0.636536 1.190724 1.190724 1.190724
4317.052246 0.000000 2682.507812 0.000000 0.000000 0.000000 1.000000 1.000000 1.000000 1.000000
4833.646484 1.156128 1328.057983 0.000000 0.266633 0.000000 0.963798 23.135908 23.135908 23.135908
4860.342773 -4.299927 1241.790649 0.000000 0.682621 0.000000 0.730773 36.361248 36.361248 36.361248
2516.632568 0.992798 1145.859131 0.000000 -0.375730 0.000000 -0.926729 24.135477 24.135477 24.135477
2569.046143 1.118285 1081.037598 0.000000 0.484933 0.000000 0.874551 10.261219 10.261219 10.261219
4670.991211 0.521851 1030.041748 0.000000 0.000000 0.000000 1.000000 25.277943 25.277943 25.277943
4467.344727 0.662842 1079.203003 0.000000 -0.199399 0.000000 0.979918 16.442335 16.442335 16.442335
4801.567383 -1.286865 1371.045410 0.000000 0.597697 0.000000 0.801722 76.219727 76.219727 76.219727
4951.744141 0.000000 1786.313843 0.000000 0.111765 0.000000 0.993735 14.799601 14.799601 14.799601
"}
