object={
	name="wonder_wallofchina_01"
	clamp_to_water_level=no
	render_under_water=no
	generated_content=no
	layer="cities"
	pdxmesh="wonder_wallofchina_01_mesh"
	count=5
	transform="6553.736816 0.000000 2395.405273 0.000000 0.772721 0.000000 0.634745 1.000000 1.000000 1.000000
6588.410156 0.000000 2418.367920 0.000000 0.255379 0.000000 0.966841 1.000000 1.000000 1.000000
6925.443848 0.000000 2483.603760 0.000000 -0.047102 0.000000 0.998890 1.000000 1.000000 1.000000
6373.127930 0.000000 2462.163086 0.000000 -0.429418 0.000000 0.903106 1.000000 1.000000 1.000000
6492.372070 0.000000 2408.300781 0.000000 -0.776927 0.000000 0.629590 1.000000 1.000000 1.000000
"}
object={
	name="wonder_wallofchina_02"
	clamp_to_water_level=no
	render_under_water=no
	generated_content=no
	layer="cities"
	pdxmesh="wonder_wallofchina_02_mesh"
	count=6
	transform="6646.469727 0.000000 2471.332520 0.000000 -0.978784 0.000000 0.204894 1.000000 1.000000 1.000000
6641.765625 0.000000 2454.864746 0.000000 0.061059 0.000000 0.998134 1.000000 1.000000 1.000000
6923.968750 0.000000 2501.782471 0.000000 -0.027523 0.000000 0.999621 1.000000 1.000000 1.000000
6575.487305 0.000000 2400.616211 0.000000 0.370528 0.000000 0.928821 1.000000 1.000000 1.000000
6538.189941 0.000000 2400.795898 0.000000 -0.531236 0.000000 0.847224 1.000000 1.000000 1.000000
6504.217773 0.000000 2417.618164 0.000000 0.241130 0.000000 0.970493 1.000000 1.000000 1.000000
"}
object={
	name="wonder_wallofchina_03"
	clamp_to_water_level=no
	render_under_water=no
	generated_content=no
	layer="cities"
	pdxmesh="wonder_wallofchina_03_mesh"
	count=3
	transform="6656.015625 0.000000 2440.493652 0.000000 -0.794481 0.000000 0.607290 1.000000 1.000000 1.000000
6848.508789 0.000000 2506.133301 0.000000 0.402052 0.000000 0.915617 1.000000 1.000000 1.000000
6690.032227 0.000000 2499.122803 0.000000 -0.466781 0.000000 -0.884373 1.000000 1.000000 1.000000
"}
object={
	name="wonder_wallofchina_04"
	clamp_to_water_level=no
	render_under_water=no
	generated_content=no
	layer="cities"
	pdxmesh="wonder_wallofchina_04_mesh"
	count=3
	transform="6755.694336 0.000000 2501.261230 0.000000 0.929564 0.000000 -0.368660 1.000000 1.000000 1.000000
6431.803223 0.000000 2431.872314 0.000000 -0.776614 0.000000 -0.629977 1.000000 1.000000 1.000000
6930.093262 0.000000 2532.402832 0.000000 -0.071229 0.000000 0.997460 1.000000 1.000000 1.000000
"}
object={
	name="wonder_wallofchina_05"
	clamp_to_water_level=no
	render_under_water=no
	generated_content=no
	layer="cities"
	pdxmesh="wonder_wallofchina_05_mesh"
	count=4
	transform="6837.383789 0.000000 2492.943848 0.000000 -0.902688 0.000000 0.430295 1.000000 1.000000 1.000000
6694.155273 0.000000 2439.974854 0.000000 0.821583 0.000000 -0.570089 1.000000 1.000000 1.000000
6907.979492 0.000000 2534.738525 0.000000 -0.897180 0.000000 0.441665 1.000000 1.000000 1.000000
6531.943848 0.000000 2416.841064 0.000000 0.974651 0.000000 0.223733 1.000000 1.000000 1.000000
"}
object={
	name="wonder_wallofchina_06"
	clamp_to_water_level=no
	render_under_water=no
	generated_content=no
	layer="cities"
	pdxmesh="wonder_wallofchina_06_mesh"
	count=12
	transform="6861.207031 0.000000 2519.007324 0.000000 0.849203 0.000000 -0.528066 1.000000 1.000000 1.000000
6743.445801 0.000000 2512.101318 0.000000 0.208490 0.000000 -0.978024 1.000000 1.000000 1.000000
6597.659180 0.000000 2433.102539 0.000000 -0.867721 0.000000 0.497052 1.000000 1.000000 1.000000
6655.383789 0.000000 2485.213867 0.000000 -0.834208 0.000000 0.551450 1.000000 1.000000 1.000000
6821.949707 0.000000 2486.029053 0.000000 -0.737813 0.000000 -0.675005 1.000000 1.000000 1.000000
6460.482910 0.000000 2407.831787 0.000000 -0.235617 0.000000 0.971846 1.000000 1.000000 1.000000
6529.091309 0.000000 2413.370605 0.000000 0.108680 0.000000 -0.994077 1.000000 1.000000 1.000000
6613.871094 0.000000 2438.109619 0.000000 0.627777 0.000000 0.778394 1.000000 1.000000 1.000000
6639.633301 0.000000 2473.569580 0.000000 0.997205 0.000000 0.074711 1.000000 1.000000 1.000000
6925.430176 0.000000 2518.116211 0.000000 0.947554 0.000000 -0.319597 1.000000 1.000000 1.000000
6704.026367 0.000000 2508.145508 0.000000 0.757400 0.000000 -0.652951 1.000000 1.000000 1.000000
6893.690430 0.000000 2525.140381 0.000000 0.922947 0.000000 -0.384927 1.000000 1.000000 1.000000
"}
object={
	name="wonder_wallofchina_07"
	clamp_to_water_level=no
	render_under_water=no
	generated_content=no
	layer="cities"
	pdxmesh="wonder_wallofchina_07_mesh"
	count=5
	transform="6719.878906 0.000000 2512.646729 0.000000 0.213434 0.000000 0.976958 1.000000 1.000000 1.000000
6795.210938 0.000000 2498.135742 0.000000 -0.722684 0.000000 0.691179 1.000000 1.000000 1.000000
6769.945312 0.000000 2505.924561 0.000000 -0.516471 0.000000 0.856305 1.000000 1.000000 1.000000
6627.886719 0.000000 2438.657227 0.000000 -0.204950 0.000000 -0.978773 1.000000 1.000000 1.000000
6877.848633 0.000000 2521.170410 0.000000 -0.516471 0.000000 0.856305 1.000000 1.000000 1.000000
"}
object={
	name="wonder_wallofchina_08"
	clamp_to_water_level=no
	render_under_water=no
	generated_content=no
	layer="cities"
	pdxmesh="wonder_wallofchina_08_mesh"
	count=3
	transform="6774.409668 0.000000 2490.453369 0.000000 -0.465278 0.000000 0.885165 1.000000 1.000000 1.000000
6678.303223 0.000000 2449.535645 0.000000 -0.831195 0.000000 -0.555982 1.000000 1.000000 1.000000
6926.709473 0.000000 2547.940186 0.000000 -0.798351 0.000000 -0.602193 1.000000 1.000000 1.000000
"}
object={
	name="wonder_wallofchina_09"
	clamp_to_water_level=no
	render_under_water=no
	generated_content=no
	layer="cities"
	pdxmesh="wonder_wallofchina_09_mesh"
	count=3
	transform="6639.930176 0.000000 2438.406250 0.000000 -0.929323 0.000000 -0.369268 1.000000 1.000000 1.000000
6724.380859 0.000000 2527.956055 0.000000 -0.783683 0.000000 0.621161 1.000000 1.000000 1.000000
6889.338867 0.000000 2509.614746 0.000000 0.481995 0.000000 0.876174 1.000000 1.000000 1.000000
"}
object={
	name="wonder_wallofchinaend_01"
	clamp_to_water_level=no
	render_under_water=no
	generated_content=no
	layer="cities"
	pdxmesh="wonder_wallofchinaend_01_mesh"
	count=58
	transform="6918.664062 0.000000 2543.146973 0.000000 0.931996 0.000000 -0.362468 1.000000 1.000000 1.000000
6914.322266 0.000000 2541.249512 0.000000 0.812036 0.000000 0.583607 1.000000 1.000000 1.000000
6746.837402 0.000000 2502.432373 0.000000 0.991360 0.000000 0.131165 1.000000 1.000000 1.000000
6664.999023 0.000000 2488.730713 0.000000 0.534696 0.000000 0.845044 1.000000 1.000000 1.000000
6681.478027 0.000000 2493.244385 0.000000 -0.870137 0.000000 0.492809 1.000000 1.000000 1.000000
6731.566406 0.000000 2521.932861 0.000000 -0.956147 0.000000 -0.292888 1.000000 1.000000 1.000000
6736.282715 0.000000 2518.030273 0.000000 0.523932 0.000000 -0.851760 1.000000 1.000000 1.000000
6748.289062 0.000000 2497.478760 0.000000 0.153694 0.000000 -0.988118 1.000000 1.000000 1.000000
6747.485840 0.000000 2495.270020 0.000000 0.865624 0.000000 -0.500694 1.000000 1.000000 1.000000
6785.030762 0.000000 2493.437256 0.000000 -0.480489 0.000000 -0.877001 1.000000 1.000000 1.000000
6802.668945 0.000000 2492.133301 0.000000 -0.962797 0.000000 -0.270223 1.000000 1.000000 1.000000
6805.906250 0.000000 2488.828613 0.000000 -0.559270 0.000000 0.828985 1.000000 1.000000 1.000000
6808.642090 0.000000 2488.041748 0.000000 0.774616 0.000000 0.632431 1.000000 1.000000 1.000000
6812.218750 0.000000 2487.488770 0.000000 0.670705 0.000000 -0.741724 1.000000 1.000000 1.000000
6827.515137 0.000000 2479.145020 0.000000 0.386957 0.000000 -0.922097 1.000000 1.000000 1.000000
6824.391113 0.000000 2483.600586 0.000000 0.983139 0.000000 0.182860 1.000000 1.000000 1.000000
6638.573730 0.000000 2450.464844 0.000000 0.663991 0.000000 -0.747740 1.000000 1.000000 1.000000
6702.138184 0.000000 2446.263184 0.000000 -0.436177 0.000000 -0.899861 1.000000 1.000000 1.000000
6684.210938 0.000000 2438.175049 0.000000 -0.762196 0.000000 0.647346 1.000000 1.000000 1.000000
6680.860840 0.000000 2440.572021 0.000000 -0.998183 0.000000 0.060262 1.000000 1.000000 1.000000
6668.501953 0.000000 2444.757080 0.000000 -0.910390 0.000000 0.413751 1.000000 1.000000 1.000000
6637.833984 0.000000 2446.757324 0.000000 0.663991 0.000000 -0.747740 1.000000 1.000000 1.000000
6638.757812 0.000000 2483.905762 0.000000 0.021309 0.000000 -0.999773 1.000000 1.000000 1.000000
6567.942383 0.000000 2381.081787 0.000000 0.703951 0.000000 0.710249 1.000000 1.000000 1.000000
6563.636230 0.000000 2379.893799 0.000000 0.854849 0.000000 -0.518877 1.000000 1.000000 1.000000
6620.789551 0.000000 2444.391113 0.000000 0.161942 0.000000 0.986800 1.000000 1.000000 1.000000
6628.166992 0.000000 2448.653564 0.000000 -0.037223 0.000000 0.999307 1.000000 1.000000 1.000000
6619.363770 0.000000 2434.460449 0.000000 -0.766329 0.000000 0.642448 1.000000 1.000000 1.000000
6583.658691 0.000000 2410.136963 0.000000 -0.966137 0.000000 0.258029 1.000000 1.000000 1.000000
6582.380371 0.000000 2408.141113 0.000000 0.308310 0.000000 0.951286 1.000000 1.000000 1.000000
6564.610840 0.000000 2393.458252 0.000000 -0.751782 0.000000 -0.659412 1.000000 1.000000 1.000000
6567.937012 0.000000 2393.663330 0.000000 -0.828749 0.000000 0.559621 1.000000 1.000000 1.000000
6524.450684 0.000000 2423.949951 0.000000 0.496095 0.000000 -0.868268 1.000000 1.000000 1.000000
6534.635254 0.000000 2406.791748 0.000000 0.993904 0.000000 0.110245 1.000000 1.000000 1.000000
6522.727539 0.000000 2420.419434 0.000000 -0.570702 0.000000 0.821157 1.000000 1.000000 1.000000
6380.668457 0.000000 2456.001465 0.000000 -0.895389 0.000000 -0.445284 1.000000 1.000000 1.000000
6364.488770 0.000000 2469.104004 0.000000 -0.437997 0.000000 0.898976 1.000000 1.000000 1.000000
6481.679688 0.000000 2406.259766 0.000000 -0.728982 0.000000 0.684533 1.000000 1.000000 1.000000
6509.050781 0.000000 2426.800049 0.000000 0.213672 0.000000 0.976905 1.000000 1.000000 1.000000
6464.666504 0.000000 2398.362061 0.000000 0.973588 0.000000 0.228311 1.000000 1.000000 1.000000
6452.559570 0.000000 2412.910645 0.000000 -0.695623 0.000000 0.718407 1.000000 1.000000 1.000000
6441.349121 0.000000 2428.985840 0.000000 0.684492 0.000000 0.729021 1.000000 1.000000 1.000000
6343.515625 0.000000 2478.419922 0.000000 -0.682888 0.000000 0.730523 1.000000 1.000000 1.000000
6676.477051 0.000000 2490.820312 0.000000 0.575903 0.000000 0.817518 1.000000 1.000000 1.000000
6739.132324 0.000000 2485.816650 0.000000 0.125280 0.000000 0.992121 1.000000 1.000000 1.000000
6443.762695 0.000000 2437.622070 0.000000 -0.924882 0.000000 0.380254 1.000000 1.000000 1.000000
6347.730469 0.000000 2477.192139 0.000000 0.873901 0.000000 0.486103 1.000000 1.000000 1.000000
6672.122559 0.000000 2490.260986 0.000000 0.654109 0.000000 -0.756400 1.000000 1.000000 1.000000
6705.072754 0.000000 2449.717773 0.000000 0.897822 0.000000 -0.440359 1.000000 1.000000 1.000000
6450.159668 0.000000 2432.291748 0.000000 0.908560 0.000000 -0.417756 1.000000 1.000000 1.000000
6737.155273 0.000000 2481.895752 0.000000 0.932438 0.000000 -0.361330 1.000000 1.000000 1.000000
6707.657715 0.000000 2451.492432 0.000000 0.481620 0.000000 0.876380 1.000000 1.000000 1.000000
6447.447266 0.000000 2440.007812 0.000000 0.592497 0.000000 0.805573 1.000000 1.000000 1.000000
6452.652832 0.000000 2434.193359 0.000000 0.459541 0.000000 0.888157 1.000000 1.000000 1.000000
6414.570312 0.000000 2440.674561 0.000000 -0.723359 0.000000 0.690472 1.000000 1.000000 1.000000
6422.787598 0.000000 2434.696289 0.000000 -0.427046 0.000000 0.904230 1.000000 1.000000 1.000000
6634.393555 0.000000 2472.244141 0.000000 0.138711 0.000000 0.990333 1.000000 1.000000 1.000000
6634.313477 0.000000 2467.778809 0.000000 0.995372 0.000000 0.096099 1.000000 1.000000 1.000000
"}
object={
	name="wonder_wallofchinaend_02"
	clamp_to_water_level=no
	render_under_water=no
	generated_content=no
	layer="cities"
	pdxmesh="wonder_wallofchinaend_02_mesh"
	count=13
	transform="6783.630371 0.000000 2492.536377 0.000000 -0.491105 0.000000 -0.871101 1.000000 1.000000 1.000000
6829.414551 0.000000 2477.116455 0.000000 -0.944161 0.000000 -0.329486 1.000000 1.000000 1.000000
6823.847656 0.000000 2485.278564 0.000000 -0.996016 0.000000 -0.089180 1.000000 1.000000 1.000000
6855.764160 0.000000 2512.644775 0.000000 0.378225 0.000000 0.925714 1.000000 1.000000 1.000000
6640.316406 0.000000 2450.257812 0.000000 -0.673289 0.000000 0.739380 1.000000 1.000000 1.000000
6669.886719 0.000000 2445.917969 0.000000 0.895444 0.000000 -0.445174 1.000000 1.000000 1.000000
6639.622070 0.000000 2446.506348 0.000000 -0.637574 0.000000 0.770389 1.000000 1.000000 1.000000
6565.276367 0.000000 2380.679443 0.000000 -0.824178 0.000000 0.566330 1.000000 1.000000 1.000000
6634.024414 0.000000 2469.573486 0.000000 -0.999211 0.000000 -0.039728 1.000000 1.000000 1.000000
6346.172363 0.000000 2478.025879 0.000000 0.806153 0.000000 0.591707 1.000000 1.000000 1.000000
6673.883789 0.000000 2490.119873 0.000000 0.743677 0.000000 -0.668540 1.000000 1.000000 1.000000
6738.259277 0.000000 2483.275879 0.000000 0.970344 0.000000 -0.241727 1.000000 1.000000 1.000000
6445.797852 0.000000 2439.374268 0.000000 0.486960 0.000000 0.873424 1.000000 1.000000 1.000000
"}
object={
	name="wonder_wallofchinatower_01"
	clamp_to_water_level=no
	render_under_water=no
	generated_content=no
	layer="cities"
	pdxmesh="wonder_wallofchinatower_01_mesh"
	count=73
	transform="6829.699219 0.000000 2488.669434 0.000000 -0.855771 0.000000 0.517355 1.000000 1.000000 1.000000
6842.096191 0.000000 2500.050293 0.000000 -0.955917 0.000000 0.293637 1.000000 1.000000 1.000000
6854.977051 0.000000 2511.851074 0.000000 -0.914634 0.000000 0.404282 1.000000 1.000000 1.000000
6869.288086 0.000000 2522.209717 0.000000 -0.702128 0.000000 0.712051 1.000000 1.000000 1.000000
6881.325195 0.000000 2513.494141 0.000000 -0.062582 0.000000 0.998040 1.000000 1.000000 1.000000
6881.770020 0.000000 2511.943115 0.000000 -0.382008 0.000000 0.924159 1.000000 1.000000 1.000000
6681.058105 0.000000 2442.075684 0.000000 -0.737524 0.000000 -0.675320 1.000000 1.000000 1.000000
6700.973145 0.000000 2445.332275 0.000000 0.901850 0.000000 -0.432049 1.000000 1.000000 1.000000
6685.679688 0.000000 2438.424072 0.000000 -0.643846 0.000000 -0.765155 1.000000 1.000000 1.000000
6900.349121 0.000000 2530.784424 0.000000 0.522988 0.000000 0.852340 1.000000 1.000000 1.000000
6890.786621 0.000000 2517.560791 0.000000 -0.088082 0.000000 0.996113 1.000000 1.000000 1.000000
6930.275391 0.000000 2540.975586 0.000000 0.053869 0.000000 0.998548 1.000000 1.000000 1.000000
6919.569336 0.000000 2544.120605 0.000000 0.359448 0.000000 0.933165 1.000000 1.000000 1.000000
6926.151367 0.000000 2475.536621 0.000000 -0.066114 0.000000 0.997812 1.000000 1.000000 1.000000
6924.498047 0.000000 2493.101562 0.000000 -0.066114 0.000000 0.997812 1.000000 1.000000 1.000000
6923.584473 0.000000 2510.137939 0.000000 0.002991 0.000000 0.999996 1.000000 1.000000 1.000000
6931.112305 0.000000 2524.640137 0.000000 0.213314 0.000000 0.976984 1.000000 1.000000 1.000000
6912.833496 0.000000 2541.765137 0.000000 0.185384 0.000000 0.982666 1.000000 1.000000 1.000000
6828.659180 0.000000 2478.040527 0.000000 -0.403505 0.000000 0.914977 1.000000 1.000000 1.000000
6761.340332 0.000000 2506.928955 0.000000 0.675046 0.000000 0.737775 1.000000 1.000000 1.000000
6773.305176 0.000000 2498.479736 0.000000 0.097440 0.000000 0.995241 1.000000 1.000000 1.000000
6642.946777 0.000000 2463.459717 0.000000 -0.179091 0.000000 -0.983832 1.000000 1.000000 1.000000
6647.834961 0.000000 2438.442139 0.000000 0.198972 0.000000 -0.980005 1.000000 1.000000 1.000000
6640.727051 0.000000 2446.282959 0.000000 -0.158336 0.000000 -0.987385 1.000000 1.000000 1.000000
6649.890625 0.000000 2479.352539 0.000000 -0.146634 0.000000 -0.989191 1.000000 1.000000 1.000000
6663.692871 0.000000 2488.107422 0.000000 0.847481 0.000000 -0.530826 1.000000 1.000000 1.000000
6682.783691 0.000000 2494.038818 0.000000 0.877024 0.000000 -0.480447 1.000000 1.000000 1.000000
6697.167969 0.000000 2503.847900 0.000000 0.911067 0.000000 -0.412258 1.000000 1.000000 1.000000
6712.639160 0.000000 2508.839844 0.000000 0.774263 0.000000 -0.632863 1.000000 1.000000 1.000000
6730.766113 0.000000 2523.225586 0.000000 0.986272 0.000000 0.165129 1.000000 1.000000 1.000000
6737.570801 0.000000 2517.452393 0.000000 0.792027 0.000000 0.610485 1.000000 1.000000 1.000000
6746.428223 0.000000 2503.893311 0.000000 -0.177100 0.000000 0.984192 1.000000 1.000000 1.000000
6748.831055 0.000000 2496.046387 0.000000 0.502184 0.000000 0.864760 1.000000 1.000000 1.000000
6782.651855 0.000000 2491.933838 0.000000 0.502184 0.000000 0.864760 1.000000 1.000000 1.000000
6787.357910 0.000000 2494.739746 0.000000 0.502184 0.000000 0.864760 1.000000 1.000000 1.000000
6801.895996 0.000000 2493.399658 0.000000 -0.283239 0.000000 0.959049 1.000000 1.000000 1.000000
6807.294922 0.000000 2488.317383 0.000000 -0.593676 0.000000 0.804703 1.000000 1.000000 1.000000
6813.432617 0.000000 2487.367920 0.000000 0.723527 0.000000 0.690295 1.000000 1.000000 1.000000
6638.884766 0.000000 2482.351074 0.000000 -0.128368 0.000000 0.991727 1.000000 1.000000 1.000000
6641.487793 0.000000 2450.187012 0.000000 -0.022581 0.000000 0.999745 1.000000 1.000000 1.000000
6566.361816 0.000000 2381.040771 0.000000 0.645440 0.000000 0.763811 1.000000 1.000000 1.000000
6592.985352 0.000000 2426.695801 0.000000 0.118980 0.000000 0.992897 1.000000 1.000000 1.000000
6605.367188 0.000000 2436.858643 0.000000 0.581180 0.000000 0.813775 1.000000 1.000000 1.000000
6620.315918 0.000000 2442.928223 0.000000 0.146021 0.000000 0.989282 1.000000 1.000000 1.000000
6628.291504 0.000000 2447.101807 0.000000 -0.063312 0.000000 0.997994 1.000000 1.000000 1.000000
6620.895020 0.000000 2434.726074 0.000000 -0.762275 0.000000 0.647253 1.000000 1.000000 1.000000
6584.456055 0.000000 2411.511719 0.000000 -0.962618 0.000000 0.270861 1.000000 1.000000 1.000000
6581.444336 0.000000 2406.858398 0.000000 0.320939 0.000000 0.947100 1.000000 1.000000 1.000000
6545.902344 0.000000 2397.101318 0.000000 -0.837486 0.000000 -0.546458 1.000000 1.000000 1.000000
6530.469238 0.000000 2404.717529 0.000000 -0.941558 0.000000 -0.336852 1.000000 1.000000 1.000000
6563.037109 0.000000 2393.669434 0.000000 -0.760489 0.000000 -0.649351 1.000000 1.000000 1.000000
6569.412109 0.000000 2394.252441 0.000000 -0.821229 0.000000 0.570598 1.000000 1.000000 1.000000
6525.818359 0.000000 2423.139160 0.000000 0.484498 0.000000 -0.874792 1.000000 1.000000 1.000000
6534.291504 0.000000 2408.343506 0.000000 0.995283 0.000000 0.097011 1.000000 1.000000 1.000000
6524.214355 0.000000 2419.860840 0.000000 -0.559726 0.000000 0.828678 1.000000 1.000000 1.000000
6379.403809 0.000000 2456.964844 0.000000 -0.901235 0.000000 -0.433331 1.000000 1.000000 1.000000
6365.736816 0.000000 2468.120605 0.000000 -0.425997 0.000000 0.904725 1.000000 1.000000 1.000000
6483.265625 0.000000 2406.354248 0.000000 -0.719809 0.000000 0.694172 1.000000 1.000000 1.000000
6508.382324 0.000000 2425.359375 0.000000 0.226651 0.000000 0.973976 1.000000 1.000000 1.000000
6463.964355 0.000000 2399.787354 0.000000 0.976540 0.000000 0.215337 1.000000 1.000000 1.000000
6454.146973 0.000000 2412.854248 0.000000 -0.686003 0.000000 0.727599 1.000000 1.000000 1.000000
6439.762207 0.000000 2428.892822 0.000000 0.694131 0.000000 0.719849 1.000000 1.000000 1.000000
6345.101562 0.000000 2478.306641 0.000000 -0.673108 0.000000 0.739544 1.000000 1.000000 1.000000
6674.977539 0.000000 2490.290039 0.000000 0.586730 0.000000 0.809783 1.000000 1.000000 1.000000
6738.731445 0.000000 2484.277344 0.000000 0.138470 0.000000 0.990367 1.000000 1.000000 1.000000
6444.885254 0.000000 2438.747803 0.000000 -0.919741 0.000000 0.392526 1.000000 1.000000 1.000000
6706.312988 0.000000 2450.645996 0.000000 0.493238 0.000000 0.869894 1.000000 1.000000 1.000000
6451.352051 0.000000 2433.280762 0.000000 0.471317 0.000000 0.881964 1.000000 1.000000 1.000000
6416.157227 0.000000 2440.743164 0.000000 -0.714108 0.000000 0.700036 1.000000 1.000000 1.000000
6424.010742 0.000000 2433.682861 0.000000 -0.414977 0.000000 0.909832 1.000000 1.000000 1.000000
6633.985352 0.000000 2470.716797 0.000000 0.059779 0.000000 0.998212 1.000000 1.000000 1.000000
6500.126953 0.000000 2409.957764 0.000000 0.457968 0.000000 0.888969 1.000000 1.000000 1.000000
6664.558105 0.000000 2442.923096 0.000000 0.571454 0.000000 0.820634 1.000000 1.000000 1.000000
"}
